a	b	nSites	J9	J8	J7	J6	J5	J4	J3	J2	J1	rab	Fa	Fb	theta	inbred_relatedness_1_2	inbred_relatedness_2_1	fraternity	identity	zygosity	2of3_IDB	FDiff	loglh	nIter	bestoptimll	coverage	2dsfs	R0	R1	KING	2dsfs_loglike	2dsfsf_niter
0	1	1514	0.981248	0.000001	0.018745	0.000003	0.000000	0.000002	0.000000	0.000000	0.000001	0.018746	0.000003	0.000003	0.009373	0.000001	0.000001	0.018745	0.000001	0.018745	0.018749	-0.000000	-2107.017445	74	-1	0.227157	2.860852e-01,2.230370e-01,7.532418e-09,1.876713e-01,3.032060e-01,6.367892e-08,1.528053e-08,3.857486e-09,4.369854e-07	0.000000	0.738251	0.298102	-2184.560014	22
0	2	1356	1.000000	0.000000	0.000000	0.000000	0.000000	0.000000	0.000000	0.000000	0.000000	0.000563	0.000001	0.000000	0.000281	0.000000	0.000000	0.000562	0.000000	0.000563	0.000563	0.000000	-1869.893320	146	-1869.894029	0.203451	2.993408e-01,1.916328e-01,2.313052e-07,2.097697e-01,2.992562e-01,1.343944e-07,1.500957e-10,1.801598e-07,3.861823e-08	0.000001	0.745526	0.299281	-1939.517688	22
0	3	1468	0.958314	0.000002	0.041684	0.000000	0.000000	0.000000	0.000000	0.000000	0.000000	0.041685	0.000000	0.000000	0.020842	0.000000	0.000000	0.041684	0.000000	0.041684	0.041685	-0.000000	-2096.087999	94	-1	0.220255	2.993488e-01,1.899739e-01,7.908849e-08,2.022140e-01,3.084627e-01,1.360441e-07,3.048205e-08,3.307153e-07,3.028520e-09	0.000000	0.786517	0.305677	-2173.439419	22
0	4	1477	0.890397	0.000000	0.109603	0.000000	0.000000	0.000000	0.000000	0.000000	0.000000	0.109603	0.000000	0.000000	0.054801	0.000000	0.000000	0.109603	0.000000	0.109603	0.109603	-0.000000	-2138.270807	66	-1	0.221605	2.836428e-01,1.905633e-01,5.768321e-08,1.820186e-01,3.437746e-01,5.958695e-13,4.892533e-08,5.638079e-07,3.168607e-08	0.000000	0.922681	0.324275	-2165.704217	18
0	5	1444	1.000000	0.000000	0.000000	0.000000	0.000000	0.000000	0.000000	0.000000	0.000000	0.000006	0.000000	0.000000	0.000003	0.000000	0.000000	0.000000	0.000000	0.000000	0.000006	0.000000	-2048.925626	70	-2048.926518	0.216654	2.645955e-01,2.359078e-01,1.616761e-07,2.578285e-01,2.416653e-01,3.707587e-07,9.497764e-07,3.114327e-07,1.093572e-06	0.000005	0.489460	0.247335	-2141.463010	27
0	6	1502	1.000000	0.000000	0.000000	0.000000	0.000000	0.000000	0.000000	0.000000	0.000000	0.000225	0.000000	0.000000	0.000112	0.000000	0.000000	0.000225	0.000000	0.000225	0.000225	0.000000	-2135.858746	154	-2135.859150	0.225356	2.625185e-01,2.128201e-01,5.430742e-08,2.279360e-01,2.967244e-01,2.237483e-08,4.442177e-07,3.003327e-07,7.122278e-08	0.000002	0.673215	0.286910	-2205.150304	26
0	7	1489	1.000000	0.000000	0.000000	0.000000	0.000000	0.000000	0.000000	0.000000	0.000000	0.000028	0.000000	0.000000	0.000014	0.000000	0.000000	0.000028	0.000000	0.000028	0.000028	0.000000	-2226.066094	98	-2226.066476	0.223406	2.876200e-01,1.991853e-01,1.518482e-07,2.374566e-01,2.757362e-01,1.178434e-10,8.864777e-08,1.209579e-06,4.570263e-07	0.000001	0.631491	0.279052	-2292.539067	22
0	8	1557	1.000000	0.000000	0.000000	0.000000	0.000000	0.000000	0.000000	0.000000	0.000000	0.000003	0.000000	0.000000	0.000001	0.000000	0.000000	0.000002	0.000000	0.000002	0.000003	0.000000	-2243.370892	74	-2243.371129	0.233608	2.387495e-01,2.352609e-01,4.751498e-07,2.003707e-01,3.256173e-01,2.098454e-07,5.908369e-08,7.944907e-07,2.725013e-08	0.000002	0.747458	0.299592	-2264.153596	19
0	9	1335	0.953391	0.000005	0.046603	0.000000	0.000000	0.000000	0.000000	0.000000	0.000000	0.046606	0.000000	0.000000	0.023303	0.000000	0.000000	0.046603	0.000000	0.046603	0.046606	-0.000000	-1903.441059	74	-1	0.200300	3.005953e-01,1.906586e-01,1.791114e-08,2.090843e-01,2.996616e-01,1.345635e-07,2.893580e-08,6.499396e-08,4.988703e-10	0.000000	0.749635	0.299942	-1948.389898	22
0	10	1704	0.964274	0.000001	0.035725	0.000000	0.000000	0.000000	0.000000	0.000000	0.000000	0.035725	0.000000	0.000000	0.017863	0.000000	0.000000	0.035725	0.000000	0.035725	0.035726	0.000000	-2431.194299	94	-1	0.255664	2.521658e-01,2.316152e-01,1.954254e-07,1.695148e-01,3.467035e-01,4.662745e-07,4.547948e-09,1.464865e-08,4.383844e-08	0.000001	0.864316	0.316758	-2453.350044	22
0	11	1421	1.000000	0.000000	0.000000	0.000000	0.000000	0.000000	0.000000	0.000000	0.000000	0.000001	0.000000	0.000000	0.000000	0.000000	0.000000	0.000001	0.000000	0.000001	0.000001	0.000000	-2019.938029	94	-2019.938059	0.213203	2.816337e-01,2.081894e-01,4.627861e-10,2.383365e-01,2.718398e-01,7.649018e-09,5.180440e-07,2.859763e-08,3.991879e-10	0.000002	0.608788	0.274528	-2107.792858	26
0	12	1418	0.898935	0.000031	0.101034	0.000000	0.000000	0.000000	0.000000	0.000000	0.000000	0.101049	0.000000	0.000000	0.050525	0.000000	0.000000	0.101034	0.000000	0.101034	0.101049	-0.000000	-2002.288277	175	-1	0.212753	3.045388e-01,1.971688e-01,2.578291e-07,1.650228e-01,3.332670e-01,8.547231e-07,4.797705e-08,4.606113e-07,1.004478e-06	0.000001	0.920136	0.323960	-2077.414802	23
0	13	1587	1.000000	0.000000	0.000000	0.000000	0.000000	0.000000	0.000000	0.000000	0.000000	0.000076	0.000000	0.000000	0.000038	0.000000	0.000000	0.000076	0.000000	0.000076	0.000076	0.000000	-2186.106604	94	-2186.107731	0.238110	2.802621e-01,2.063397e-01,2.856704e-09,2.151019e-01,2.982959e-01,1.989844e-09,2.655315e-07,2.390495e-10,5.650633e-08	0.000001	0.707798	0.293011	-2274.061938	26
0	14	1490	0.887496	0.000034	0.112470	0.000000	0.000000	0.000000	0.000000	0.000000	0.000000	0.112487	0.000000	0.000000	0.056244	0.000000	0.000000	0.112470	0.000000	0.112470	0.112487	-0.000000	-2114.281808	266	-1	0.223556	3.123846e-01,1.792995e-01,5.657434e-08,1.798952e-01,3.284204e-01,3.096833e-08,2.413537e-07,9.544288e-09,3.879055e-08	0.000001	0.914323	0.323237	-2185.185549	34
0	15	1500	1.000000	0.000000	0.000000	0.000000	0.000000	0.000000	0.000000	0.000000	0.000000	0.000009	0.000000	0.000000	0.000005	0.000000	0.000000	0.000008	0.000000	0.000008	0.000009	-0.000000	-2149.554065	78	-2149.554870	0.225056	2.531234e-01,2.474991e-01,2.329234e-08,2.238244e-01,2.755525e-01,1.423736e-08,1.557547e-07,3.608414e-07,1.167747e-08	0.000001	0.584635	0.269507	-2204.608201	22
0	16	1552	1.000000	0.000000	0.000000	0.000000	0.000000	0.000000	0.000000	0.000000	0.000000	0.000018	0.000000	0.000000	0.000009	0.000000	0.000000	0.000016	0.000000	0.000016	0.000018	-0.000000	-2151.257548	102	-2151.258277	0.232858	3.054514e-01,2.047228e-01,1.399875e-11,2.305660e-01,2.592592e-01,3.055194e-09,2.710645e-09,4.096918e-08,6.407921e-07	0.000000	0.595603	0.271815	-2240.668184	26
0	17	1560	1.000000	0.000000	0.000000	0.000000	0.000000	0.000000	0.000000	0.000000	0.000000	0.000010	0.000000	0.000000	0.000005	0.000000	0.000000	0.000010	0.000000	0.000010	0.000010	0.000000	-2263.236282	78	-2263.236905	0.234059	2.808900e-01,2.316510e-01,6.498823e-09,2.293812e-01,2.580777e-01,2.323597e-11,1.797813e-11,1.654905e-08,7.634676e-08	0.000000	0.559782	0.264103	-2334.913906	35
0	18	1422	0.969490	0.000000	0.030510	0.000000	0.000000	0.000000	0.000000	0.000000	0.000000	0.030510	0.000001	0.000000	0.015255	0.000000	0.000000	0.030510	0.000000	0.030510	0.030510	-0.000000	-1983.818161	78	-1	0.213353	2.655583e-01,2.117672e-01,8.723946e-09,1.924627e-01,3.302115e-01,3.840742e-08,1.169052e-09,1.488718e-08,1.903998e-07	0.000000	0.816890	0.310159	-2036.492407	22
0	19	1488	1.000000	0.000000	0.000000	0.000000	0.000000	0.000000	0.000000	0.000000	0.000000	0.000006	0.000000	0.000000	0.000003	0.000000	0.000000	0.000005	0.000000	0.000005	0.000006	-0.000000	-2143.436317	66	-2143.437003	0.223256	2.315179e-01,2.705869e-01,1.169008e-06,2.068818e-01,2.910105e-01,6.626400e-08,4.384971e-07,1.260262e-06,4.593643e-08	0.000006	0.609482	0.274667	-2181.925206	23
1	2	1320	0.957498	0.000000	0.042501	0.000000	0.000000	0.000000	0.000000	0.000000	0.000001	0.042502	0.000001	0.000001	0.021251	0.000001	0.000001	0.042501	0.000001	0.042502	0.042502	-0.000000	-1889.735513	78	-1	0.198050	3.103198e-01,1.911841e-01,9.874601e-07,1.895077e-01,3.089867e-01,3.237324e-12,2.536525e-08,4.429493e-11,6.850922e-07	0.000003	0.811643	0.309398	-1969.042661	22
1	3	1440	1.000000	0.000000	0.000000	0.000000	0.000000	0.000000	0.000000	0.000000	0.000000	0.000072	0.000000	0.000000	0.000036	0.000000	0.000000	0.000072	0.000000	0.000072	0.000072	-0.000000	-2112.702704	114	-2112.703379	0.216054	2.894896e-01,2.004620e-01,9.993281e-09,1.937586e-01,3.162817e-01,7.009422e-09,1.514220e-08,8.003589e-06,1.125988e-08	0.000000	0.802280	0.308029	-2238.633858	35
1	4	1520	0.966581	0.000000	0.033418	0.000000	0.000000	0.000000	0.000000	0.000000	0.000001	0.033419	0.000001	0.000001	0.016710	0.000001	0.000001	0.033418	0.000001	0.033419	0.033419	-0.000000	-2182.716934	94	-1	0.228057	2.802856e-01,2.054556e-01,9.711086e-09,1.860519e-01,3.282068e-01,1.145123e-08,3.039513e-08,3.160562e-08,4.254086e-09	0.000000	0.838315	0.313198	-2246.564644	26
1	5	1508	1.000000	0.000000	0.000000	0.000000	0.000000	0.000000	0.000000	0.000000	0.000000	0.000006	0.000000	0.000000	0.000003	0.000000	0.000000	0.000000	0.000000	0.000000	0.000006	-0.000000	-2206.061249	86	-2206.061808	0.226257	2.818145e-01,2.230179e-01,1.074510e-09,2.234645e-01,2.717019e-01,6.919644e-07,4.271033e-08,3.547430e-07,1.756672e-07	0.000000	0.608537	0.274478	-2298.055006	26
1	6	1516	1.000000	0.000000	0.000000	0.000000	0.000000	0.000000	0.000000	0.000000	0.000000	0.000077	0.000000	0.000000	0.000038	0.000000	0.000000	0.000077	0.000000	0.000077	0.000077	0.000000	-2097.495255	94	-2097.495981	0.227457	2.892460e-01,2.160129e-01,3.013295e-08,2.047628e-01,2.899737e-01,5.911013e-09,3.340136e-08,3.792814e-06,6.880956e-07	0.000000	0.689135	0.289763	-2193.366883	34
1	7	1467	1.000000	0.000000	0.000000	0.000000	0.000000	0.000000	0.000000	0.000000	0.000000	0.000001	0.000000	0.000000	0.000000	0.000000	0.000000	0.000001	0.000000	0.000001	0.000001	0.000000	-2234.542253	78	-2234.542278	0.220105	2.878537e-01,2.036304e-01,3.963540e-08,2.298827e-01,2.786319e-01,9.858963e-08,2.303442e-07,6.421685e-07,2.615321e-07	0.000001	0.642728	0.281225	-2337.679938	22
1	8	1552	0.942778	0.000000	0.057221	0.000000	0.000000	0.000000	0.000000	0.000000	0.000000	0.057222	0.000000	0.000000	0.028611	0.000000	0.000000	0.057221	0.000000	0.057222	0.057222	0.000000	-2295.624885	102	-1	0.232858	2.717421e-01,1.763612e-01,3.078144e-07,1.918121e-01,3.600821e-01,9.604891e-08,3.782549e-07,1.050259e-06,7.914246e-07	0.000002	0.978019	0.330854	-2385.294865	23
1	9	1276	0.982763	0.000000	0.017237	0.000000	0.000000	0.000000	0.000000	0.000000	0.000000	0.017237	0.000000	0.000000	0.008618	0.000000	0.000000	0.017237	0.000000	0.017237	0.017237	0.000000	-1817.039179	134	-1	0.191448	2.865399e-01,1.880742e-01,8.884947e-08,2.091575e-01,3.162275e-01,2.637883e-07,1.854507e-07,1.602547e-07,9.887129e-08	0.000001	0.796077	0.307110	-1885.047110	22
1	10	1649	0.966525	0.000000	0.033472	0.000000	0.000000	0.000000	0.000002	0.000000	0.000001	0.033474	0.000003	0.000001	0.016738	0.000002	0.000001	0.033472	0.000001	0.033473	0.033475	-0.000000	-2438.989687	106	-1	0.247412	2.525820e-01,2.406864e-01,2.211883e-09,1.411046e-01,3.656267e-01,4.586183e-08,1.194181e-07,9.042448e-08,2.933148e-08	0.000000	0.957661	0.328492	-2482.536942	26
1	11	1382	1.000000	0.000000	0.000000	0.000000	0.000000	0.000000	0.000000	0.000000	0.000000	0.000002	0.000000	0.000000	0.000001	0.000000	0.000000	0.000000	0.000000	0.000000	0.000002	0.000000	-1941.468422	54	-1941.468747	0.207352	2.988891e-01,2.110950e-01,1.565040e-07,2.364123e-01,2.536033e-01,1.008713e-09,1.529737e-10,2.895144e-11,1.884783e-07	0.000001	0.566702	0.265632	-2078.054145	31
1	12	1452	0.939089	0.000002	0.060908	0.000000	0.000000	0.000000	0.000000	0.000000	0.000001	0.060910	0.000001	0.000001	0.030455	0.000001	0.000001	0.060908	0.000001	0.060909	0.060910	-0.000000	-2078.184419	78	-1	0.217854	2.951890e-01,2.098744e-01,4.725204e-11,1.636767e-01,3.312528e-01,6.312588e-13,5.351262e-06,1.126745e-11,1.791329e-06	0.000016	0.886754	0.319714	-2173.295737	47
1	13	1680	1.000000	0.000000	0.000000	0.000000	0.000000	0.000000	0.000000	0.000000	0.000000	0.000015	0.000000	0.000000	0.000008	0.000000	0.000000	0.000015	0.000000	0.000015	0.000015	-0.000000	-2377.451732	86	-2377.452423	0.252063	2.757324e-01,2.135447e-01,5.541899e-07,2.130473e-01,2.976739e-01,3.795376e-07,7.995601e-07,7.816207e-09,1.318448e-09	0.000005	0.697792	0.291280	-2498.342992	26
1	14	1448	0.975999	0.000001	0.023998	0.000000	0.000000	0.000001	0.000001	0.000000	0.000001	0.024000	0.000003	0.000002	0.012001	0.000002	0.000001	0.023998	0.000001	0.023999	0.024001	0.000000	-1974.845646	102	-1	0.217254	3.087024e-01,1.773134e-01,1.195072e-07,1.916395e-01,3.223403e-01,1.469702e-08,3.776504e-06,2.547047e-07,3.308832e-07	0.000012	0.873653	0.317997	-2078.146127	27
1	15	1478	0.912936	0.000000	0.087064	0.000000	0.000000	0.000000	0.000000	0.000000	0.000000	0.087064	0.000000	0.000000	0.043532	0.000000	0.000000	0.087064	0.000000	0.087064	0.087064	0.000000	-2037.503475	298	-1	0.221755	3.077291e-01,1.811807e-01,2.466499e-09,1.771043e-01,3.339855e-01,1.298437e-09,2.259538e-07,6.043605e-08,2.627507e-08	0.000001	0.932178	0.325440	-2153.683189	26
1	16	1546	1.000000	0.000000	0.000000	0.000000	0.000000	0.000000	0.000000	0.000000	0.000000	0.000024	0.000001	0.000002	0.000012	0.000000	0.000000	0.000024	0.000000	0.000024	0.000025	-0.000000	-2185.309043	86	-2185.309866	0.231958	2.976113e-01,1.759686e-01,3.946039e-09,2.208145e-01,3.056049e-01,1.706574e-09,2.331254e-10,7.469290e-07,1.139644e-09	0.000000	0.770205	0.303181	-2327.007065	26
1	17	1496	1.000000	0.000000	0.000000	0.000000	0.000000	0.000000	0.000000	0.000000	0.000000	0.000005	0.000000	0.000000	0.000003	0.000000	0.000000	0.000005	0.000000	0.000005	0.000005	0.000000	-2184.934830	74	-2184.935166	0.224456	2.813622e-01,2.158480e-01,7.059502e-08,2.225321e-01,2.802563e-01,3.943704e-08,6.673756e-07,5.051819e-07,1.014848e-07	0.000003	0.639298	0.280565	-2266.704690	23
1	18	1476	0.886468	0.000003	0.113529	0.000000	0.000000	0.000000	0.000000	0.000000	0.000000	0.113530	0.000000	0.000000	0.056765	0.000000	0.000000	0.113529	0.000000	0.113529	0.113530	0.000000	-2005.408350	78	-1	0.221455	3.144041e-01,1.725056e-01,7.221519e-07,1.747907e-01,3.382979e-01,3.804560e-07,8.805771e-10,3.298580e-07,2.431093e-07	0.000002	0.974086	0.330402	-2118.623681	23
1	19	1549	1.000000	0.000000	0.000000	0.000000	0.000000	0.000000	0.000000	0.000000	0.000000	0.000003	0.000000	0.000000	0.000002	0.000000	0.000000	0.000003	0.000000	0.000003	0.000003	-0.000000	-2150.157594	74	-2150.157724	0.232408	2.698687e-01,2.332633e-01,8.518958e-10,1.845060e-01,3.123613e-01,4.196307e-09,4.474289e-07,4.089942e-10,2.463250e-07	0.000001	0.747688	0.299629	-2243.199219	22
2	3	1365	1.000000	0.000000	0.000000	0.000000	0.000000	0.000000	0.000000	0.000000	0.000000	0.000017	0.000000	0.000000	0.000008	0.000000	0.000000	0.000017	0.000000	0.000017	0.000017	0.000000	-1997.170702	90	-1997.170966	0.204801	2.930876e-01,2.202261e-01,1.691019e-08,1.899295e-01,2.967567e-01,2.222831e-09,5.434062e-08,1.248261e-08,4.454347e-08	0.000000	0.723522	0.295672	-2096.449783	22
2	4	1395	0.986527	0.000000	0.013472	0.000000	0.000000	0.000000	0.000000	0.000000	0.000000	0.013473	0.000000	0.000000	0.006737	0.000000	0.000000	0.013472	0.000000	0.013473	0.013473	0.000000	-2060.593135	102	-1	0.209302	2.618692e-01,2.377709e-01,3.654631e-10,1.769948e-01,3.233650e-01,7.974264e-09,4.957527e-09,3.815576e-09,1.715704e-08	0.000000	0.779633	0.304631	-2129.552336	22
2	5	1307	0.959470	0.000004	0.040526	0.000000	0.000000	0.000000	0.000000	0.000000	0.000000	0.040528	0.000000	0.000000	0.020264	0.000000	0.000000	0.040526	0.000000	0.040526	0.040528	-0.000000	-1853.202041	106	-1	0.196099	3.381445e-01,1.971757e-01,2.861249e-08,1.742298e-01,2.904479e-01,1.119316e-11,6.974798e-08,2.037970e-06,1.684573e-08	0.000000	0.782019	0.304995	-1962.424979	23
2	6	1343	1.000000	0.000000	0.000000	0.000000	0.000000	0.000000	0.000000	0.000000	0.000000	0.000002	0.000002	0.000002	0.000002	0.000002	0.000002	0.000000	0.000002	0.000002	0.000002	0.000000	-1915.624073	58	-1915.624896	0.201500	2.703157e-01,2.475591e-01,6.210961e-09,2.379740e-01,2.441509e-01,7.215559e-08,3.657780e-08,2.291990e-07,1.874305e-09	0.000000	0.502851	0.250711	-2001.628827	22
2	7	1447	1.000000	0.000000	0.000000	0.000000	0.000000	0.000000	0.000000	0.000000	0.000000	0.000011	0.000000	0.000000	0.000005	0.000000	0.000000	0.000010	0.000000	0.000010	0.000011	-0.000000	-2199.030537	74	-2199.030909	0.217104	2.858794e-01,1.978692e-01,5.781743e-09,2.373460e-01,2.789046e-01,5.790564e-08,4.681945e-07,3.028161e-07,6.630390e-08	0.000002	0.640842	0.280863	-2305.896078	26
2	8	1363	0.907148	0.000000	0.092852	0.000000	0.000000	0.000000	0.000000	0.000000	0.000000	0.092852	0.000000	0.000000	0.046426	0.000000	0.000000	0.092852	0.000000	0.092852	0.092852	-0.000000	-1969.975480	94	-1	0.204501	2.908091e-01,2.112896e-01,8.271457e-08,1.536574e-01,3.442430e-01,1.030488e-07,5.690492e-07,9.097837e-10,7.350403e-08	0.000002	0.943267	0.326781	-2056.553464	22
2	9	1227	1.000000	0.000000	0.000000	0.000000	0.000000	0.000000	0.000000	0.000000	0.000000	0.000028	0.000000	0.000000	0.000014	0.000000	0.000000	0.000028	0.000000	0.000028	0.000029	-0.000000	-1751.693319	82	-1751.693977	0.184096	2.977651e-01,2.225193e-01,3.597886e-07,1.979531e-01,2.817588e-01,3.959920e-08,1.523468e-07,2.381491e-09,3.106609e-06	0.000002	0.670100	0.286342	-1843.381979	34
2	10	1461	1.000000	0.000000	0.000000	0.000000	0.000000	0.000000	0.000000	0.000000	0.000000	0.000038	0.000000	0.000000	0.000019	0.000000	0.000000	0.000038	0.000000	0.000038	0.000038	-0.000000	-2159.263250	99	-2159.264303	0.219205	2.506298e-01,2.600652e-01,3.039115e-10,1.699050e-01,3.193998e-01,1.115461e-08,1.908749e-07,1.961231e-08,6.745046e-09	0.000001	0.742841	0.298848	-2211.778656	26
2	11	1364	1.000000	0.000000	0.000000	0.000000	0.000000	0.000000	0.000000	0.000000	0.000000	0.000043	0.000000	0.000000	0.000022	0.000000	0.000000	0.000041	0.000000	0.000041	0.000043	0.000000	-1930.099228	98	-1930.100086	0.204651	3.165540e-01,1.653629e-01,5.333919e-08,2.265803e-01,2.915016e-01,2.003485e-07,1.078491e-08,2.752242e-07,5.788588e-07	0.000000	0.743733	0.298992	-2049.704930	22
2	12	1327	1.000000	0.000000	0.000000	0.000000	0.000000	0.000000	0.000000	0.000000	0.000000	0.001013	0.000000	0.000000	0.000507	0.000000	0.000000	0.001013	0.000000	0.001013	0.001013	-0.000000	-1926.288222	150	-1926.288807	0.199100	2.768078e-01,2.114623e-01,6.817730e-08,1.868953e-01,3.248344e-01,4.291504e-09,3.359317e-08,2.398195e-08,4.909806e-08	0.000000	0.815434	0.309948	-2037.675458	22
2	13	1532	0.887793	0.000003	0.112201	0.000000	0.000000	0.000000	0.000001	0.000000	0.000001	0.112205	0.000002	0.000001	0.056103	0.000001	0.000001	0.112201	0.000001	0.112202	0.112205	-0.000000	-2185.264066	59	-1	0.229857	3.215410e-01,1.795568e-01,1.454838e-07,1.721234e-01,3.267745e-01,6.936905e-07,2.536778e-06,7.320283e-07,1.618351e-07	0.000008	0.929170	0.325069	-2257.875313	19
2	14	1387	1.000000	0.000000	0.000000	0.000000	0.000000	0.000000	0.000000	0.000000	0.000000	0.000399	0.000000	0.000000	0.000200	0.000000	0.000000	0.000399	0.000000	0.000399	0.000400	-0.000000	-2008.929720	142	-2008.930708	0.208102	2.802851e-01,2.117433e-01,3.517912e-07,1.868114e-01,3.211596e-01,2.421626e-07,6.366815e-08,2.118096e-09,5.216328e-08	0.000001	0.805809	0.308547	-2099.688338	22
2	15	1352	0.852303	0.000009	0.147684	0.000000	0.000000	0.000002	0.000001	0.000000	0.000000	0.147690	0.000003	0.000001	0.073845	0.000001	0.000000	0.147684	0.000000	0.147684	0.147691	0.000001	-1858.622165	70	-1	0.202851	3.359289e-01,1.752033e-01,2.351575e-09,1.441934e-01,3.446744e-01,2.736210e-08,5.360215e-08,5.362238e-10,1.020341e-08	0.000000	1.079142	0.341686	-1952.237139	22
2	16	1391	0.941114	0.000003	0.058883	0.000000	0.000000	0.000000	0.000000	0.000000	0.000000	0.058884	0.000000	0.000000	0.029442	0.000000	0.000000	0.058883	0.000000	0.058883	0.058885	0.000000	-1953.188682	114	-1	0.208702	3.362352e-01,1.686176e-01,3.485126e-07,1.973750e-01,2.977714e-01,7.510549e-09,4.230370e-08,2.867430e-07,1.992151e-08	0.000001	0.813598	0.309682	-2039.170613	22
2	17	1474	0.936554	0.000000	0.063446	0.000000	0.000000	0.000000	0.000000	0.000000	0.000000	0.063446	0.000000	0.000000	0.031723	0.000000	0.000000	0.063446	0.000000	0.063446	0.063446	-0.000000	-2133.205312	98	-1	0.221155	3.225243e-01,1.886826e-01,1.295054e-07,1.941655e-01,2.946258e-01,1.359690e-06,5.218896e-08,8.051651e-09,2.223147e-07	0.000001	0.769560	0.303081	-2222.195780	19
2	18	1366	1.000000	0.000000	0.000000	0.000000	0.000000	0.000000	0.000000	0.000000	0.000000	0.000039	0.000000	0.000000	0.000020	0.000000	0.000000	0.000039	0.000000	0.000039	0.000039	0.000000	-1940.862977	118	-1940.863620	0.204951	2.953642e-01,2.117373e-01,1.699075e-07,1.799496e-01,3.129482e-01,5.847466e-08,1.754839e-07,2.548522e-07,3.820062e-08	0.000001	0.798974	0.307540	-2042.526978	18
2	19	1370	1.000000	0.000000	0.000000	0.000000	0.000000	0.000000	0.000000	0.000000	0.000000	0.000005	0.000000	0.000000	0.000002	0.000000	0.000000	0.000005	0.000000	0.000005	0.000005	0.000000	-2004.647028	94	-2004.647163	0.205551	2.750810e-01,2.247049e-01,1.335730e-09,1.677869e-01,3.324269e-01,3.601862e-10,2.957941e-07,1.056861e-08,1.272200e-09	0.000001	0.846965	0.314397	-2082.493890	26
3	4	1554	0.938488	0.000003	0.061509	0.000000	0.000000	0.000000	0.000000	0.000000	0.000000	0.061511	0.000000	0.000000	0.030755	0.000000	0.000000	0.061509	0.000000	0.061509	0.061511	0.000000	-2269.202279	66	-1	0.233158	2.906216e-01,2.076441e-01,3.908561e-08,1.833272e-01,3.184069e-01,1.001473e-07,6.234556e-10,8.532370e-08,1.297507e-08	0.000000	0.814399	0.309799	-2341.710377	18
3	5	1444	0.986681	0.000000	0.013319	0.000000	0.000000	0.000000	0.000000	0.000000	0.000000	0.013319	0.000000	0.000000	0.006660	0.000000	0.000000	0.013319	0.000000	0.013319	0.013319	-0.000000	-2168.348248	90	-1	0.216654	2.843474e-01,2.036181e-01,4.454242e-07,2.027547e-01,3.092787e-01,1.202903e-07,4.054515e-07,1.314244e-07,2.331238e-09	0.000003	0.761069	0.301754	-2256.147435	22
3	6	1566	1.000000	0.000000	0.000000	0.000000	0.000000	0.000000	0.000000	0.000000	0.000000	0.000002	0.000002	0.000002	0.000002	0.000002	0.000002	0.000001	0.000002	0.000002	0.000003	0.000000	-2234.539145	59	-2234.540389	0.234959	2.602925e-01,2.286111e-01,1.057985e-06,2.346804e-01,2.764147e-01,7.797732e-08,3.612672e-08,1.423054e-07,2.001582e-08	0.000004	0.596631	0.272027	-2333.023232	22
3	7	1473	1.000000	0.000000	0.000000	0.000000	0.000000	0.000000	0.000000	0.000000	0.000000	0.000542	0.000000	0.000000	0.000271	0.000000	0.000000	0.000542	0.000000	0.000542	0.000542	0.000000	-2217.805756	146	-2217.806696	0.221005	3.046084e-01,1.897406e-01,5.312939e-09,2.305533e-01,2.750975e-01,2.178242e-10,5.016258e-08,2.268905e-09,4.043819e-08	0.000000	0.654536	0.283463	-2288.789300	22
3	8	1531	0.985052	0.000000	0.014948	0.000000	0.000000	0.000000	0.000000	0.000000	0.000000	0.014948	0.000000	0.000000	0.007474	0.000000	0.000000	0.014948	0.000000	0.014948	0.014948	-0.000000	-2211.595941	102	-1	0.229707	2.730821e-01,2.083829e-01,9.105959e-08,1.952389e-01,3.232959e-01,3.559716e-09,2.251065e-08,4.361423e-09,4.052597e-10	0.000000	0.800987	0.307838	-2304.659869	22
3	9	1335	0.986940	0.000000	0.013060	0.000000	0.000000	0.000000	0.000000	0.000000	0.000000	0.013060	0.000000	0.000000	0.006530	0.000000	0.000000	0.013060	0.000000	0.013060	0.013060	-0.000000	-1986.661262	138	-1	0.200300	2.969135e-01,1.920347e-01,1.341541e-05,2.138558e-01,2.971825e-01,1.289072e-09,1.185853e-12,1.027905e-09,7.055128e-09	0.000045	0.732150	0.297080	-2066.748721	34
3	10	1540	1.000000	0.000000	0.000000	0.000000	0.000000	0.000000	0.000000	0.000000	0.000000	0.000051	0.000000	0.000000	0.000025	0.000000	0.000000	0.000051	0.000000	0.000051	0.000051	-0.000000	-2277.385676	102	-2277.386336	0.231058	2.449512e-01,2.439168e-01,1.381261e-07,1.639987e-01,3.471323e-01,2.814480e-07,4.226256e-07,8.889873e-08,3.154410e-08	0.000002	0.850989	0.314949	-2332.772985	19
3	11	1442	1.000000	0.000000	0.000000	0.000000	0.000000	0.000000	0.000000	0.000000	0.000000	0.000001	0.000000	0.000000	0.000001	0.000000	0.000000	0.000000	0.000000	0.000000	0.000001	0.000000	-2139.102383	66	-2139.102562	0.216354	2.887974e-01,2.080921e-01,1.732383e-08,2.365189e-01,2.665915e-01,2.517342e-08,1.937091e-08,2.557804e-08,2.889819e-08	0.000000	0.599606	0.272646	-2260.223334	22
3	12	1378	0.924149	0.000037	0.075814	0.000000	0.000000	0.000000	0.000000	0.000000	0.000000	0.075833	0.000000	0.000000	0.037916	0.000000	0.000000	0.075814	0.000000	0.075814	0.075833	0.000000	-2043.551415	362	-1	0.206752	3.003968e-01,1.942006e-01,2.416976e-09,1.688837e-01,3.365188e-01,1.384152e-08,5.532624e-12,9.655615e-09,2.823282e-08	0.000000	0.926834	0.324787	-2127.715527	22
3	13	1646	0.929247	0.000000	0.070753	0.000000	0.000000	0.000000	0.000000	0.000000	0.000000	0.070753	0.000000	0.000000	0.035377	0.000000	0.000000	0.070753	0.000000	0.070753	0.070753	0.000000	-2377.158415	70	-1	0.246962	2.789449e-01,1.883481e-01,2.038360e-11,1.915184e-01,3.411880e-01,2.764121e-07,1.370400e-07,3.506222e-08,2.257608e-08	0.000000	0.898178	0.321196	-2452.378762	18
3	14	1433	0.938549	0.000002	0.061446	0.000003	0.000000	0.000000	0.000000	0.000000	0.000001	0.061447	0.000001	0.000003	0.030724	0.000001	0.000001	0.061446	0.000001	0.061446	0.061449	-0.000001	-2035.367649	86	-1	0.215004	3.144403e-01,1.940077e-01,1.072651e-07,1.816025e-01,3.099058e-01,6.610454e-08,1.905463e-08,1.136471e-07,4.349975e-05	0.000000	0.825072	0.311331	-2131.178764	38
3	15	1416	1.000000	0.000000	0.000000	0.000000	0.000000	0.000000	0.000000	0.000000	0.000000	0.000540	0.000000	0.000000	0.000270	0.000000	0.000000	0.000539	0.000000	0.000540	0.000540	-0.000000	-2007.473758	198	-2007.474388	0.212453	2.914532e-01,2.024300e-01,3.857223e-07,2.103971e-01,2.957187e-01,2.472935e-08,5.563557e-09,1.060011e-07,5.395096e-07	0.000001	0.716325	0.294462	-2107.292656	18
3	16	1471	1.000000	0.000000	0.000000	0.000000	0.000000	0.000000	0.000000	0.000000	0.000000	0.000008	0.000002	0.000002	0.000005	0.000002	0.000002	0.000002	0.000002	0.000004	0.000008	0.000000	-2122.644851	71	-2122.646306	0.220705	2.989540e-01,2.153194e-01,1.041603e-09,2.387575e-01,2.469691e-01,1.347195e-09,4.932247e-09,1.597314e-08,4.021230e-08	0.000000	0.543893	0.260512	-2241.151119	22
3	17	1432	0.997121	0.000000	0.002879	0.000000	0.000000	0.000000	0.000000	0.000000	0.000000	0.002879	0.000000	0.000000	0.001439	0.000000	0.000000	0.002879	0.000000	0.002879	0.002879	-0.000000	-2176.108875	138	-1	0.214854	3.071943e-01,2.061674e-01,5.120321e-07,2.075255e-01,2.791118e-01,3.948130e-10,7.397888e-10,2.281361e-07,1.814067e-07	0.000002	0.674682	0.287176	-2248.401407	22
3	18	1539	0.877531	0.000003	0.122464	0.000000	0.000000	0.000000	0.000000	0.000000	0.000001	0.122467	0.000002	0.000002	0.061234	0.000001	0.000001	0.122464	0.000001	0.122466	0.122467	-0.000000	-2221.811081	47	-1	0.230908	2.921553e-01,1.925842e-01,2.819989e-07,1.562834e-01,3.589767e-01,2.104421e-08,2.758171e-08,1.255159e-09,5.568205e-08	0.000001	1.028976	0.336491	-2309.785956	22
3	19	1527	0.922499	0.000029	0.077472	0.000000	0.000000	0.000000	0.000000	0.000000	0.000000	0.077487	0.000000	0.000000	0.038743	0.000000	0.000000	0.077472	0.000000	0.077472	0.077487	-0.000000	-2225.388998	82	-1	0.229107	2.860052e-01,1.972635e-01,1.287928e-08,1.785469e-01,3.381829e-01,2.209700e-08,2.081445e-07,1.274460e-06,1.625318e-09	0.000001	0.899873	0.321412	-2271.457917	18
4	5	1542	1.000000	0.000000	0.000000	0.000000	0.000000	0.000000	0.000000	0.000000	0.000000	0.000003	0.000000	0.000000	0.000002	0.000000	0.000000	0.000003	0.000000	0.000003	0.000003	-0.000000	-2220.339837	74	-2220.339948	0.231358	2.802835e-01,1.908854e-01,1.702230e-09,2.358674e-01,2.929632e-01,3.198583e-08,3.201416e-07,7.334888e-08,3.720731e-11	0.000001	0.686493	0.289294	-2280.658669	22
4	6	1527	0.967554	0.000002	0.032444	0.000000	0.000000	0.000000	0.000000	0.000000	0.000000	0.032445	0.000000	0.000000	0.016223	0.000000	0.000000	0.032444	0.000000	0.032444	0.032445	-0.000000	-2180.499438	90	-1	0.229107	2.884862e-01,1.798334e-01,1.390634e-07,2.362001e-01,2.954788e-01,1.020723e-06,3.276033e-07,4.179311e-09,9.505934e-09	0.000002	0.710226	0.293426	-2222.158280	22
4	7	1544	1.000000	0.000000	0.000000	0.000000	0.000000	0.000000	0.000000	0.000000	0.000000	0.000015	0.000000	0.000000	0.000008	0.000000	0.000000	0.000015	0.000000	0.000015	0.000015	0.000000	-2279.951974	102	-2279.952490	0.231658	2.730667e-01,1.937061e-01,1.808541e-08,2.617692e-01,2.714575e-01,2.782656e-08,2.900700e-07,1.025175e-07,7.744191e-10	0.000001	0.595987	0.271895	-2346.938892	18
4	8	1645	1.000000	0.000000	0.000000	0.000000	0.000000	0.000000	0.000000	0.000000	0.000000	0.000081	0.000000	0.000000	0.000040	0.000000	0.000000	0.000081	0.000000	0.000081	0.000081	-0.000000	-2375.938408	122	-2375.939143	0.246812	2.531107e-01,2.073075e-01,3.586896e-07,2.094182e-01,3.301632e-01,2.618006e-08,8.823962e-10,1.673810e-08,2.105767e-10	0.000001	0.792279	0.306543	-2452.877004	26
4	9	1376	0.971446	0.000000	0.028554	0.000000	0.000000	0.000000	0.000000	0.000000	0.000000	0.028554	0.000000	0.000000	0.014277	0.000000	0.000000	0.028554	0.000000	0.028554	0.028554	0.000000	-1960.064490	74	-1	0.206452	2.987845e-01,1.772236e-01,4.785220e-08,2.212624e-01,3.027294e-01,1.513105e-08,3.578750e-09,3.691632e-08,6.889237e-10	0.000000	0.759699	0.301540	-2020.879802	22
4	10	1709	0.927554	0.000004	0.072442	0.000000	0.000000	0.000000	0.000000	0.000000	0.000000	0.072444	0.000000	0.000000	0.036222	0.000000	0.000000	0.072442	0.000000	0.072442	0.072444	0.000000	-2599.088890	66	-1	0.256414	2.467705e-01,2.268214e-01,3.347103e-07,1.722889e-01,3.541187e-01,9.093281e-09,1.777855e-08,4.318631e-08,1.886792e-07	0.000001	0.887269	0.319789	-2603.247211	22
4	11	1538	1.000000	0.000000	0.000000	0.000000	0.000000	0.000000	0.000000	0.000000	0.000000	0.000004	0.000001	0.000001	0.000002	0.000000	0.000000	0.000004	0.000000	0.000004	0.000005	0.000000	-2258.270054	74	-2258.271056	0.230758	2.659708e-01,1.962550e-01,2.921080e-07,2.685880e-01,2.691858e-01,1.859662e-08,2.666087e-08,7.542206e-09,9.625160e-09	0.000001	0.579089	0.268323	-2337.557821	26
4	12	1476	0.921433	0.000008	0.078556	0.000001	0.000001	0.000001	0.000000	0.000000	0.000000	0.078560	0.000001	0.000002	0.039280	0.000000	0.000001	0.078556	0.000000	0.078556	0.078562	-0.000000	-2162.241104	62	-1	0.221455	2.801060e-01,1.977002e-01,5.124087e-07,1.827843e-01,3.394089e-01,2.345302e-08,4.406852e-12,3.817444e-10,6.302572e-08	0.000002	0.892043	0.320407	-2211.537200	22
4	13	1688	0.958766	0.000000	0.041233	0.000000	0.000000	0.000000	0.000000	0.000000	0.000000	0.041234	0.000000	0.000000	0.020617	0.000000	0.000000	0.041233	0.000000	0.041234	0.041234	0.000000	-2442.223561	142	-1	0.253263	2.764538e-01,1.861283e-01,2.966197e-10,2.115413e-01,3.258766e-01,1.772383e-08,1.086057e-08,2.256012e-09,1.036209e-08	0.000000	0.819466	0.310529	-2509.530380	22
4	14	1478	1.000000	0.000000	0.000000	0.000000	0.000000	0.000000	0.000000	0.000000	0.000000	0.000658	0.000000	0.000000	0.000329	0.000000	0.000000	0.000658	0.000000	0.000658	0.000658	0.000000	-2179.514529	262	-2179.515206	0.221755	2.626426e-01,1.828769e-01,6.966176e-08,2.136669e-01,3.408128e-01,5.519835e-07,1.104124e-07,2.439115e-08,2.912186e-11	0.000001	0.859457	0.316103	-2227.951432	26
4	15	1597	0.972473	0.000000	0.027527	0.000000	0.000000	0.000000	0.000000	0.000000	0.000000	0.027527	0.000000	0.000000	0.013764	0.000000	0.000000	0.027527	0.000000	0.027527	0.027527	-0.000000	-2282.261316	134	-1	0.239610	2.546263e-01,1.911697e-01,5.314326e-09,2.146408e-01,3.395631e-01,1.237222e-08,5.767287e-09,6.625294e-10,3.291530e-08	0.000000	0.836753	0.312980	-2321.361559	22
4	16	1633	1.000000	0.000000	0.000000	0.000000	0.000000	0.000000	0.000000	0.000000	0.000000	0.000031	0.000000	0.000000	0.000016	0.000000	0.000000	0.000031	0.000000	0.000031	0.000031	0.000000	-2296.344554	102	-2296.345589	0.245011	2.707458e-01,1.894388e-01,5.164722e-08,2.327575e-01,3.070575e-01,1.811112e-09,8.156560e-10,1.793152e-07,1.019202e-07	0.000000	0.727286	0.296298	-2409.035440	26
4	17	1507	0.980558	0.000000	0.019442	0.000000	0.000000	0.000000	0.000000	0.000000	0.000000	0.019442	0.000000	0.000000	0.009721	0.000000	0.000000	0.019442	0.000000	0.019442	0.019442	0.000000	-2243.478795	102	-1	0.226107	2.879269e-01,1.887138e-01,5.675641e-07,2.414970e-01,2.818617e-01,2.077551e-07,2.139679e-10,2.785405e-10,2.997772e-09	0.000002	0.655170	0.283581	-2282.027602	22
4	18	1608	0.890720	0.000023	0.109256	0.000000	0.000000	0.000000	0.000000	0.000000	0.000000	0.109268	0.000000	0.000000	0.054634	0.000000	0.000000	0.109256	0.000000	0.109256	0.109268	-0.000000	-2291.029227	294	-1	0.241260	2.937315e-01,1.870305e-01,2.067449e-08,1.792601e-01,3.399779e-01,1.083614e-08,4.615772e-10,3.448963e-09,2.641635e-10	0.000000	0.928164	0.324950	-2352.159945	22
4	19	1601	1.000000	0.000000	0.000000	0.000000	0.000000	0.000000	0.000000	0.000000	0.000000	0.000061	0.000001	0.000001	0.000031	0.000001	0.000001	0.000061	0.000001	0.000061	0.000061	-0.000000	-2330.150082	107	-2330.151375	0.240210	2.349830e-01,2.071692e-01,4.866347e-09,2.131422e-01,3.447055e-01,3.349752e-09,1.598315e-08,1.427990e-09,1.170375e-10	0.000000	0.820119	0.310623	-2358.144900	22
5	6	1500	1.000000	0.000000	0.000000	0.000000	0.000000	0.000000	0.000000	0.000000	0.000000	0.000004	0.000000	0.000000	0.000002	0.000000	0.000000	0.000004	0.000000	0.000004	0.000004	-0.000000	-2122.867469	94	-2122.867626	0.225056	2.767443e-01,2.297062e-01,7.662411e-08,2.181375e-01,2.754117e-01,3.301237e-09,6.567490e-08,6.843304e-08,2.341997e-08	0.000001	0.614973	0.275779	-2187.825311	22
5	7	1483	0.965343	0.000001	0.034655	0.000000	0.000000	0.000000	0.000000	0.000000	0.000000	0.034656	0.000000	0.000000	0.017328	0.000000	0.000000	0.034655	0.000000	0.034656	0.034656	-0.000000	-2224.542353	110	-1	0.222506	3.222909e-01,1.925416e-01,9.168599e-07,1.949025e-01,2.902638e-01,3.361020e-12,2.257944e-12,2.296584e-08,3.228793e-07	0.000003	0.749174	0.299866	-2332.016238	30
5	8	1400	1.000000	0.000000	0.000000	0.000000	0.000000	0.000000	0.000000	0.000000	0.000000	0.000144	0.000000	0.000000	0.000072	0.000000	0.000000	0.000143	0.000000	0.000144	0.000144	-0.000000	-2051.476118	118	-2051.477079	0.210053	2.783187e-01,2.110675e-01,4.342218e-08,1.778384e-01,3.327752e-01,6.125662e-09,7.180298e-08,2.811512e-08,2.362320e-08	0.000000	0.855670	0.315589	-2138.862745	26
5	9	1289	0.915386	0.000000	0.084613	0.000000	0.000000	0.000000	0.000000	0.000000	0.000000	0.084614	0.000000	0.000000	0.042307	0.000000	0.000000	0.084613	0.000000	0.084613	0.084614	-0.000000	-1912.483078	134	-1	0.193398	3.070896e-01,1.973634e-01,4.969860e-10,1.743697e-01,3.182553e-01,4.429686e-10,1.506642e-08,1.311043e-07,2.921769e-03	0.000000	0.856139	0.315653	-2001.651538	22
5	10	1612	0.942698	0.000001	0.057300	0.000000	0.000000	0.000000	0.000000	0.000000	0.000000	0.057301	0.000000	0.000000	0.028650	0.000000	0.000000	0.057300	0.000000	0.057300	0.057301	-0.000000	-2407.727569	78	-1	0.241860	2.635526e-01,2.431248e-01,3.301428e-09,1.468362e-01,3.464855e-01,4.453067e-09,7.854178e-07,2.083201e-08,3.405798e-09	0.000002	0.888511	0.319950	-2455.040108	26
5	11	1535	0.995338	0.000000	0.004662	0.000000	0.000000	0.000000	0.000000	0.000000	0.000000	0.004662	0.000000	0.000000	0.002331	0.000000	0.000000	0.004662	0.000000	0.004662	0.004662	-0.000000	-2254.230573	130	-1	0.230308	3.180180e-01,1.829454e-01,1.168980e-07,2.183798e-01,2.806563e-01,5.704695e-08,3.447302e-07,1.313395e-08,3.812237e-10	0.000002	0.699323	0.291548	-2370.317154	26
5	12	1425	1.000000	0.000000	0.000000	0.000000	0.000000	0.000000	0.000000	0.000000	0.000000	0.000014	0.000000	0.000000	0.000007	0.000000	0.000000	0.000014	0.000000	0.000014	0.000014	-0.000000	-2065.951835	102	-2065.952182	0.213803	2.801969e-01,2.141963e-01,2.163933e-08,2.041238e-01,3.014827e-01,5.694805e-08,2.343728e-08,1.125463e-07,5.266110e-08	0.000000	0.720698	0.295199	-2160.611421	22
5	13	1540	1.000000	0.000000	0.000000	0.000000	0.000000	0.000000	0.000000	0.000000	0.000000	0.000025	0.000000	0.000000	0.000012	0.000000	0.000000	0.000024	0.000000	0.000024	0.000025	-0.000000	-2311.172034	82	-2311.172749	0.231058	2.764349e-01,2.264625e-01,1.792654e-07,2.034605e-01,2.936414e-01,2.092153e-08,1.220525e-07,3.676738e-07,1.348220e-09	0.000001	0.683008	0.288674	-2392.491756	26
5	14	1421	1.000000	0.000000	0.000000	0.000000	0.000000	0.000000	0.000000	0.000000	0.000000	0.000040	0.000000	0.000000	0.000020	0.000000	0.000000	0.000036	0.000000	0.000036	0.000040	0.000000	-2015.697092	114	-2015.698015	0.213203	2.875812e-01,1.926720e-01,1.378828e-07,2.088763e-01,3.108677e-01,3.150304e-08,1.929606e-08,1.437464e-06,1.157088e-06	0.000001	0.774169	0.303793	-2110.481116	23
5	15	1457	1.000000	0.000000	0.000000	0.000000	0.000000	0.000000	0.000000	0.000000	0.000000	0.000768	0.000000	0.000000	0.000384	0.000000	0.000000	0.000768	0.000000	0.000768	0.000768	0.000000	-2086.046620	182	-2086.047331	0.218605	2.999022e-01,2.273939e-01,6.775786e-07,1.773605e-01,2.953410e-01,3.787793e-07,1.014937e-06,2.692784e-07,7.059910e-09	0.000006	0.729675	0.296691	-2173.303557	18
5	16	1616	1.000000	0.000000	0.000000	0.000000	0.000000	0.000000	0.000000	0.000000	0.000000	0.000132	0.000001	0.000001	0.000067	0.000001	0.000001	0.000132	0.000001	0.000132	0.000132	-0.000000	-2354.527562	110	-2354.528627	0.242461	2.926194e-01,2.027313e-01,2.479321e-07,2.079254e-01,2.967226e-01,9.172566e-08,5.701585e-07,2.068336e-07,1.450304e-07	0.000003	0.722554	0.295509	-2479.864319	23
5	17	1473	0.985042	0.000000	0.014958	0.000000	0.000000	0.000000	0.000000	0.000000	0.000000	0.014958	0.000000	0.000000	0.007479	0.000000	0.000000	0.014958	0.000000	0.014958	0.014958	0.000000	-2161.303563	98	-1	0.221005	3.210451e-01,1.866376e-01,6.400117e-07,2.037536e-01,2.885631e-01,6.001626e-08,2.141250e-08,4.623865e-09,4.445396e-09	0.000002	0.739163	0.298250	-2272.831400	26
5	18	1517	1.000000	0.000000	0.000000	0.000000	0.000000	0.000000	0.000000	0.000000	0.000000	0.000014	0.000000	0.000000	0.000007	0.000000	0.000000	0.000013	0.000000	0.000013	0.000014	-0.000000	-2136.226322	86	-2136.227184	0.227607	2.757652e-01,2.227527e-01,8.632232e-07,1.957931e-01,3.056875e-01,1.151634e-09,3.710821e-09,2.085333e-08,6.832324e-07	0.000003	0.730355	0.296805	-2261.617063	23
5	19	1505	0.981849	0.000000	0.018150	0.000000	0.000000	0.000000	0.000000	0.000000	0.000000	0.018151	0.000000	0.000000	0.009075	0.000000	0.000000	0.018150	0.000000	0.018150	0.018151	-0.000000	-2221.058204	106	-1	0.225806	2.777612e-01,2.159671e-01,6.595318e-10,1.848858e-01,3.213856e-01,2.069572e-10,5.539874e-08,3.215445e-07,8.668177e-10	0.000000	0.801754	0.307951	-2301.026982	26
6	7	1479	0.962432	0.000001	0.037567	0.000000	0.000000	0.000000	0.000000	0.000000	0.000000	0.037567	0.000000	0.000000	0.018784	0.000000	0.000000	0.037567	0.000000	0.037567	0.037567	0.000000	-2118.511121	66	-1	0.221905	3.063138e-01,2.118487e-01,6.228441e-07,2.000386e-01,2.817983e-01,2.481980e-11,1.601515e-08,1.076280e-09,8.128924e-09	0.000002	0.684163	0.288879	-2211.117260	22
6	8	1473	0.934119	0.000007	0.065873	0.000000	0.000000	0.000001	0.000000	0.000000	0.000000	0.065877	0.000001	0.000000	0.032939	0.000000	0.000000	0.065874	0.000000	0.065874	0.065877	0.000000	-2063.720194	70	-1	0.221005	2.806383e-01,2.137803e-01,4.545348e-08,1.821518e-01,3.234281e-01,6.094543e-07,1.164253e-09,6.759019e-07,1.686928e-07	0.000000	0.816875	0.310157	-2127.903832	22
6	9	1296	0.919020	0.000006	0.080974	0.000000	0.000000	0.000000	0.000000	0.000000	0.000000	0.080977	0.000000	0.000000	0.040489	0.000000	0.000000	0.080974	0.000000	0.080974	0.080977	-0.000000	-1861.209283	82	-1	0.194449	3.072598e-01,1.961659e-01,1.231056e-09,1.930613e-01,3.035119e-01,1.091107e-06,1.580600e-08,7.341871e-09,3.528812e-08	0.000000	0.779779	0.304654	-1921.859419	22
6	10	1560	0.975795	0.000000	0.024204	0.000000	0.000000	0.000000	0.000000	0.000000	0.000000	0.024204	0.000001	0.000000	0.012102	0.000000	0.000000	0.024204	0.000000	0.024204	0.024205	0.000000	-2314.501109	110	-1	0.234059	2.355385e-01,2.568634e-01,2.103277e-09,1.613434e-01,3.462548e-01,8.329960e-11,6.028574e-09,1.102211e-08,1.553257e-09	0.000000	0.827951	0.311740	-2320.880563	22
6	11	1554	0.979500	0.000003	0.020497	0.000000	0.000000	0.000000	0.000000	0.000000	0.000000	0.020498	0.000000	0.000000	0.010249	0.000000	0.000000	0.020497	0.000000	0.020497	0.020498	-0.000000	-2185.255215	122	-1	0.233158	3.328143e-01,1.822260e-01,1.695774e-09,2.109037e-01,2.740541e-01,1.438693e-06,1.238094e-10,5.441708e-07,9.089700e-11	0.000000	0.697105	0.291163	-2283.665443	26
6	12	1516	0.967150	0.000000	0.032850	0.000000	0.000000	0.000000	0.000000	0.000000	0.000000	0.032850	0.000000	0.000000	0.016425	0.000000	0.000000	0.032850	0.000000	0.032850	0.032850	-0.000000	-2114.079414	82	-1	0.227457	2.845472e-01,2.172717e-01,8.759281e-07,2.060096e-01,2.921702e-01,1.229416e-07,2.523608e-07,8.807295e-08,9.540601e-09	0.000004	0.690249	0.289958	-2192.456790	23
6	13	1672	0.978408	0.000000	0.021591	0.000000	0.000000	0.000000	0.000000	0.000000	0.000000	0.021591	0.000000	0.000000	0.010796	0.000000	0.000000	0.021591	0.000000	0.021591	0.021592	-0.000000	-2316.947485	110	-1	0.250863	2.938638e-01,2.143598e-01,1.481135e-07,1.973010e-01,2.944750e-01,2.503899e-08,1.269055e-07,3.266903e-08,4.969943e-09	0.000001	0.715333	0.294295	-2383.618648	22
6	14	1525	1.000000	0.000000	0.000000	0.000000	0.000000	0.000000	0.000000	0.000000	0.000000	0.000004	0.000003	0.000003	0.000004	0.000003	0.000003	0.000001	0.000003	0.000004	0.000004	-0.000000	-2144.824886	67	-2144.826387	0.228807	2.721861e-01,2.414663e-01,2.432896e-06,2.227751e-01,2.635700e-01,4.953270e-13,8.953073e-11,1.133073e-10,1.314035e-10	0.000009	0.567740	0.265856	-2245.049989	30
6	15	1460	0.995421	0.000000	0.004579	0.000000	0.000000	0.000000	0.000000	0.000000	0.000000	0.004579	0.000000	0.000000	0.002290	0.000000	0.000000	0.004579	0.000000	0.004579	0.004579	0.000000	-2045.274711	130	-1	0.219055	2.820401e-01,2.080966e-01,7.892931e-10,2.103909e-01,2.994721e-01,8.213667e-10,2.034249e-07,1.042765e-07,1.102539e-08	0.000001	0.715605	0.294341	-2117.367681	23
6	16	1565	0.961247	0.000004	0.038748	0.000000	0.000000	0.000000	0.000000	0.000000	0.000000	0.038750	0.000000	0.000000	0.019375	0.000000	0.000000	0.038748	0.000000	0.038748	0.038750	0.000000	-2162.599058	86	-1	0.234809	3.252503e-01,1.684060e-01,8.757266e-09,2.245708e-01,2.817712e-01,8.171765e-07,5.047085e-07,2.176819e-07,8.976009e-08	0.000002	0.717015	0.294578	-2245.742208	27
6	17	1488	1.000000	0.000000	0.000000	0.000000	0.000000	0.000000	0.000000	0.000000	0.000000	0.000027	0.000000	0.000000	0.000014	0.000000	0.000000	0.000027	0.000000	0.000027	0.000027	0.000000	-2177.543468	78	-2177.544393	0.223256	2.908813e-01,2.214590e-01,1.256875e-06,2.251286e-01,2.625294e-01,1.206475e-07,1.719650e-07,1.308039e-07,8.804396e-08	0.000005	0.587854	0.270187	-2243.751847	26
6	18	1509	1.000000	0.000000	0.000000	0.000000	0.000000	0.000000	0.000000	0.000000	0.000000	0.000060	0.000002	0.000000	0.000030	0.000000	0.000000	0.000060	0.000000	0.000060	0.000061	0.000001	-2111.314798	174	-2111.315708	0.226407	2.866816e-01,2.212916e-01,6.846196e-07,1.875586e-01,3.044670e-01,1.041228e-07,1.069905e-07,1.250740e-07,2.909666e-07	0.000003	0.744689	0.299145	-2189.894866	18
6	19	1515	1.000000	0.000000	0.000000	0.000000	0.000000	0.000000	0.000000	0.000000	0.000000	0.000005	0.000000	0.000000	0.000002	0.000000	0.000000	0.000002	0.000000	0.000002	0.000005	-0.000000	-2160.872583	90	-2160.873126	0.227307	2.467226e-01,2.606175e-01,4.066249e-08,2.192253e-01,2.734295e-01,6.044287e-09,1.008444e-07,4.918707e-06,4.627202e-09	0.000001	0.569825	0.266317	-2222.128611	27
7	8	1577	0.922402	0.000001	0.077597	0.000000	0.000000	0.000000	0.000000	0.000000	0.000000	0.077597	0.000000	0.000000	0.038799	0.000000	0.000000	0.077597	0.000000	0.077597	0.077597	0.000000	-2341.095740	98	-1	0.236609	2.953381e-01,2.201502e-01,1.205724e-07,1.608394e-01,3.236719e-01,9.215524e-08,2.949411e-08,4.356142e-09,5.444285e-08	0.000000	0.849555	0.314754	-2441.585168	22
7	9	1281	0.930398	0.000000	0.069601	0.000000	0.000000	0.000000	0.000000	0.000001	0.000000	0.069602	0.000001	0.000001	0.034801	0.000000	0.000000	0.069602	0.000000	0.069602	0.069602	0.000000	-1900.825142	102	-1	0.192198	3.160104e-01,2.105729e-01,2.811098e-08,1.770586e-01,2.963580e-01,3.128917e-10,6.559432e-09,3.729716e-08,1.371197e-08	0.000000	0.764535	0.302299	-1958.737298	22
7	10	1681	1.000000	0.000000	0.000000	0.000000	0.000000	0.000000	0.000000	0.000000	0.000000	0.000025	0.000000	0.000000	0.000013	0.000000	0.000000	0.000025	0.000000	0.000025	0.000025	-0.000000	-2524.714622	62	-2524.715554	0.252213	2.604595e-01,2.901364e-01,1.624495e-08,1.601795e-01,2.892245e-01,7.341034e-08,7.361095e-09,9.056851e-09,4.007336e-10	0.000000	0.642270	0.281138	-2551.151891	22
7	11	1547	1.000000	0.000000	0.000000	0.000000	0.000000	0.000000	0.000000	0.000000	0.000000	0.000003	0.000000	0.000000	0.000002	0.000000	0.000000	0.000003	0.000000	0.000003	0.000003	-0.000000	-2237.859032	90	-2237.859186	0.232108	3.118120e-01,2.319941e-01,2.061353e-06,2.089488e-01,2.472428e-01,1.232637e-07,4.046506e-09,8.271744e-09,8.312994e-08	0.000008	0.560711	0.264305	-2351.879391	26
7	12	1417	1.000000	0.000000	0.000000	0.000000	0.000000	0.000000	0.000000	0.000000	0.000000	0.000245	0.000000	0.000001	0.000123	0.000000	0.000000	0.000244	0.000000	0.000245	0.000245	-0.000000	-2162.354975	146	-2162.355683	0.212603	2.837918e-01,2.338895e-01,3.037333e-07,1.779929e-01,3.043245e-01,8.885515e-07,3.064109e-08,6.276876e-08,1.508181e-09	0.000001	0.738860	0.298201	-2241.567306	27
7	13	1694	0.991100	0.000000	0.008900	0.000000	0.000000	0.000000	0.000000	0.000000	0.000000	0.008900	0.000000	0.000000	0.004450	0.000000	0.000000	0.008900	0.000000	0.008900	0.008900	0.000000	-2559.084412	118	-1	0.254164	2.929295e-01,2.268958e-01,4.430846e-08,1.856540e-01,2.945198e-01,1.442360e-07,5.004673e-07,1.800577e-07,3.677721e-08	0.000002	0.713900	0.294051	-2656.607007	26
7	14	1469	1.000000	0.000000	0.000000	0.000000	0.000000	0.000000	0.000000	0.000000	0.000000	0.000006	0.000002	0.000001	0.000003	0.000000	0.000000	0.000005	0.000000	0.000005	0.000007	0.000000	-2164.723466	66	-2164.724575	0.220405	2.525999e-01,2.615753e-01,1.007974e-06,2.236303e-01,2.621930e-01,3.122871e-10,1.683935e-11,3.280068e-07,2.378288e-07	0.000004	0.540374	0.259700	-2243.514880	26
7	15	1544	0.943651	0.000001	0.056346	0.000000	0.000000	0.000000	0.000000	0.000001	0.000000	0.056347	0.000002	0.000001	0.028173	0.000000	0.000000	0.056348	0.000000	0.056348	0.056348	0.000000	-2290.276774	83	-1	0.231658	3.102456e-01,2.170895e-01,6.543084e-09,1.707316e-01,2.992939e-01,1.148925e-09,6.986422e-13,2.066337e-13,2.639314e-03	0.000000	0.771732	0.303418	-2400.818373	31
7	16	1574	1.000000	0.000000	0.000000	0.000000	0.000000	0.000000	0.000000	0.000000	0.000000	0.000002	0.000000	0.000000	0.000001	0.000000	0.000000	0.000002	0.000000	0.000002	0.000002	0.000000	-2269.177866	78	-2269.177914	0.236159	3.044967e-01,1.982744e-01,6.995538e-10,2.107003e-01,2.865286e-01,3.756036e-08,7.526523e-10,4.535204e-09,1.048192e-08	0.000000	0.700602	0.291771	-2393.921580	22
7	17	1563	1.000000	0.000000	0.000000	0.000000	0.000000	0.000000	0.000000	0.000000	0.000000	0.000001	0.000000	0.000000	0.000000	0.000000	0.000000	0.000001	0.000000	0.000001	0.000001	-0.000000	-2376.354568	66	-2376.354650	0.234509	2.898030e-01,2.148213e-01,4.124024e-09,2.163806e-01,2.789943e-01,5.933256e-07,2.022105e-08,1.058700e-07,3.870960e-09	0.000000	0.647014	0.282043	-2478.751150	26
7	18	1524	0.950856	0.000006	0.049138	0.000000	0.000000	0.000000	0.000000	0.000000	0.000000	0.049141	0.000000	0.000000	0.024571	0.000000	0.000000	0.049138	0.000000	0.049138	0.049141	-0.000000	-2256.178438	74	-1	0.228657	2.877676e-01,2.285492e-01,1.635633e-07,1.698434e-01,3.138388e-01,1.743563e-07,5.057710e-07,1.014403e-07,1.189992e-07	0.000002	0.787761	0.305863	-2326.011793	22
7	19	1545	1.000000	0.000000	0.000000	0.000000	0.000000	0.000000	0.000000	0.000000	0.000000	0.000020	0.000000	0.000000	0.000010	0.000000	0.000000	0.000020	0.000000	0.000020	0.000020	-0.000000	-2329.280187	94	-2329.280949	0.231808	2.511128e-01,2.470920e-01,4.237748e-08,1.977597e-01,3.040347e-01,1.472244e-07,1.178617e-07,1.040876e-07,3.141490e-07	0.000001	0.683451	0.288753	-2386.094692	22
8	9	1362	1.000000	0.000000	0.000000	0.000000	0.000000	0.000000	0.000000	0.000000	0.000000	0.000317	0.000000	0.000000	0.000159	0.000000	0.000000	0.000317	0.000000	0.000317	0.000317	0.000000	-1966.813081	174	-1966.814014	0.204351	2.811542e-01,1.889771e-01,9.794896e-09,2.270362e-01,3.028323e-01,1.424404e-08,2.290354e-09,4.107095e-09,9.295791e-08	0.000000	0.727939	0.296407	-2032.149025	22
8	10	1656	0.922767	0.000006	0.077226	0.000000	0.000000	0.000000	0.000000	0.000000	0.000000	0.077230	0.000000	0.000000	0.038615	0.000000	0.000000	0.077226	0.000000	0.077227	0.077230	0.000000	-2456.965753	62	-1	0.248462	2.584796e-01,2.089896e-01,1.728098e-07,1.719104e-01,3.606200e-01,1.386145e-08,7.546474e-08,4.622980e-08,3.380870e-08	0.000001	0.946757	0.327199	-2483.089482	18
8	11	1460	0.897430	0.000041	0.102529	0.000000	0.000000	0.000000	0.000000	0.000000	0.000000	0.102549	0.000000	0.000000	0.051275	0.000000	0.000000	0.102529	0.000000	0.102529	0.102549	-0.000000	-2059.583177	490	-1	0.219055	3.201781e-01,1.403249e-01,3.096866e-09,2.110605e-01,3.284366e-01,3.291589e-09,5.639094e-09,1.299163e-09,6.463782e-10	0.000000	0.934690	0.325746	-2148.769485	23
8	12	1461	0.977244	0.000000	0.022755	0.000000	0.000000	0.000000	0.000000	0.000000	0.000000	0.022756	0.000000	0.000000	0.011378	0.000000	0.000000	0.022755	0.000000	0.022755	0.022756	0.000000	-2135.373035	74	-1	0.219205	2.597654e-01,1.883521e-01,3.156709e-07,2.045541e-01,3.473279e-01,8.433854e-08,7.842013e-08,2.831863e-10,2.651992e-10	0.000001	0.883996	0.319363	-2194.291845	22
8	13	1602	0.937213	0.000000	0.062787	0.000000	0.000000	0.000000	0.000000	0.000000	0.000000	0.062787	0.000000	0.000000	0.031393	0.000000	0.000000	0.062787	0.000000	0.062787	0.062787	-0.000000	-2348.248381	78	-1	0.240360	2.845255e-01,1.612211e-01,1.262575e-06,2.062172e-01,3.480334e-01,4.369441e-09,2.399973e-08,1.564746e-08,1.478788e-06	0.000004	0.947185	0.327249	-2408.354632	19
8	14	1478	1.000000	0.000000	0.000000	0.000000	0.000000	0.000000	0.000000	0.000000	0.000000	0.000152	0.000000	0.000001	0.000076	0.000000	0.000000	0.000152	0.000000	0.000152	0.000152	-0.000000	-2110.083971	190	-2110.084942	0.221755	2.536821e-01,1.939125e-01,4.696097e-07,2.148445e-01,3.375605e-01,2.505662e-08,1.343133e-08,1.085991e-09,1.128974e-09	0.000001	0.825821	0.311437	-2176.897968	26
8	15	1476	0.976259	0.000004	0.023736	0.000000	0.000001	0.000000	0.000000	0.000000	0.000000	0.023739	0.000000	0.000001	0.011870	0.000000	0.000000	0.023736	0.000000	0.023736	0.023739	0.000000	-2090.091961	90	-1	0.221455	2.754667e-01,1.900326e-01,6.795471e-08,1.983605e-01,3.361398e-01,7.316320e-08,1.184539e-09,5.745252e-09,2.253340e-07	0.000000	0.865463	0.316912	-2170.539364	22
8	16	1633	1.000000	0.000000	0.000000	0.000000	0.000000	0.000000	0.000000	0.000000	0.000000	0.000130	0.000000	0.000000	0.000065	0.000000	0.000000	0.000130	0.000000	0.000130	0.000130	0.000000	-2289.998592	122	-2289.999724	0.245011	3.006257e-01,1.645997e-01,3.330576e-07,2.401073e-01,2.946669e-01,8.724333e-09,2.686683e-08,3.060385e-09,1.349314e-09	0.000001	0.728099	0.296433	-2405.750345	34
8	17	1443	1.000000	0.000000	0.000000	0.000000	0.000000	0.000000	0.000000	0.000000	0.000000	0.000036	0.000000	0.000001	0.000018	0.000000	0.000000	0.000031	0.000000	0.000031	0.000036	-0.000001	-2118.970718	74	-2118.971807	0.216504	2.738750e-01,1.932316e-01,3.044252e-07,2.357070e-01,2.971858e-01,1.511270e-07,2.226041e-07,3.156376e-10,6.317811e-09	0.000002	0.692839	0.290415	-2198.969485	27
8	18	1485	0.914989	0.000003	0.085007	0.000000	0.000000	0.000000	0.000000	0.000000	0.000000	0.085009	0.000001	0.000001	0.042505	0.000001	0.000000	0.085007	0.000000	0.085007	0.085009	-0.000000	-2163.887773	66	-1	0.222806	2.679697e-01,1.825170e-01,2.327985e-08,1.853178e-01,3.641951e-01,1.402187e-07,2.234821e-10,2.056397e-07,8.178097e-08	0.000000	0.990104	0.332226	-2231.249185	22
8	19	1562	0.930011	0.000000	0.069988	0.000000	0.000000	0.000000	0.000000	0.000000	0.000000	0.069988	0.000000	0.000000	0.034994	0.000000	0.000000	0.069988	0.000000	0.069988	0.069988	0.000000	-2203.776529	66	-1	0.234359	2.539389e-01,2.018211e-01,1.783979e-09,1.754453e-01,3.687944e-01,2.503832e-08,2.699853e-10,1.133322e-07,2.007101e-07	0.000000	0.977543	0.330800	-2235.012622	22
9	10	1418	0.913364	0.000000	0.086636	0.000000	0.000000	0.000000	0.000000	0.000000	0.000000	0.086636	0.000000	0.000000	0.043318	0.000000	0.000000	0.086636	0.000000	0.086636	0.086636	0.000000	-2128.909400	182	-1	0.212753	2.678958e-01,2.492792e-01,1.251717e-09,1.465719e-01,3.362530e-01,6.251750e-11,4.186703e-08,1.932995e-08,9.526786e-10	0.000000	0.849443	0.314738	-2147.008174	22
9	11	1284	1.000000	0.000000	0.000000	0.000000	0.000000	0.000000	0.000000	0.000000	0.000000	0.000007	0.000000	0.000000	0.000004	0.000000	0.000000	0.000006	0.000000	0.000007	0.000007	-0.000000	-1876.038742	82	-1876.039088	0.192648	3.019961e-01,2.155031e-01,1.472778e-07,2.221636e-01,2.603365e-01,2.177597e-07,7.012617e-08,2.119243e-07,1.146711e-07	0.000001	0.594827	0.271653	-1967.154609	22
9	12	1235	0.888560	0.000007	0.111431	0.000000	0.000000	0.000000	0.000000	0.000000	0.000000	0.111435	0.000001	0.000000	0.055718	0.000000	0.000000	0.111431	0.000000	0.111431	0.111436	-0.000000	-1806.602843	66	-1	0.185296	3.106494e-01,2.000186e-01,4.844331e-13,1.585445e-01,3.307866e-01,8.181359e-12,2.792489e-07,5.732499e-13,5.690094e-07	0.000001	0.922533	0.324257	-1862.723364	34
9	13	1365	1.000000	0.000000	0.000000	0.000000	0.000000	0.000000	0.000000	0.000000	0.000000	0.000003	0.000000	0.000000	0.000002	0.000000	0.000000	0.000003	0.000000	0.000003	0.000003	0.000000	-2020.514291	98	-2020.514363	0.204801	2.827464e-01,2.312341e-01,2.028546e-08,2.104158e-01,2.756027e-01,4.208020e-08,7.426682e-09,8.448203e-07,3.341153e-09	0.000000	0.624029	0.277586	-2094.505710	22
9	14	1293	0.907410	0.000030	0.092560	0.000000	0.000000	0.000000	0.000000	0.000000	0.000000	0.092575	0.000000	0.000000	0.046287	0.000000	0.000000	0.092560	0.000000	0.092560	0.092575	-0.000000	-1829.318452	330	-1	0.193998	3.204525e-01,1.818599e-01,5.882952e-08,1.856787e-01,3.120088e-01,3.092902e-10,9.456379e-11,4.110171e-08,2.357818e-10	0.000000	0.848914	0.314666	-1909.344384	26
9	15	1293	1.000000	0.000000	0.000000	0.000000	0.000000	0.000000	0.000000	0.000000	0.000000	0.000003	0.000000	0.000000	0.000002	0.000000	0.000000	0.000003	0.000000	0.000003	0.000004	-0.000000	-1823.029447	66	-1823.029688	0.193998	2.668073e-01,2.439160e-01,2.251044e-07,2.244950e-01,2.647806e-01,6.901174e-07,9.938123e-08,7.444891e-08,7.752476e-08	0.000001	0.565273	0.265318	-1900.541926	18
9	16	1345	1.000000	0.000000	0.000000	0.000000	0.000000	0.000000	0.000000	0.000000	0.000000	0.000027	0.000000	0.000000	0.000013	0.000000	0.000000	0.000026	0.000000	0.000026	0.000027	-0.000000	-1907.338548	70	-1907.338985	0.201800	3.267805e-01,2.092470e-01,1.117481e-12,2.012303e-01,2.627396e-01,9.973313e-14,3.078510e-09,2.387131e-06,1.906346e-07	0.000000	0.640080	0.280717	-1998.652553	31
9	17	1416	1.000000	0.000000	0.000000	0.000000	0.000000	0.000000	0.000000	0.000000	0.000000	0.000049	0.000000	0.000000	0.000024	0.000000	0.000000	0.000049	0.000000	0.000049	0.000049	-0.000000	-2121.970700	90	-2121.971372	0.212453	2.920772e-01,2.035557e-01,1.200644e-07,2.178855e-01,2.864813e-01,6.678072e-08,2.147630e-08,1.100685e-07,1.550900e-08	0.000000	0.679765	0.288093	-2218.744457	26
9	18	1330	0.938412	0.000007	0.061580	0.000000	0.000000	0.000000	0.000000	0.000001	0.000000	0.061583	0.000001	0.000001	0.030792	0.000000	0.000000	0.061581	0.000000	0.061581	0.061584	0.000000	-1883.202177	78	-1	0.199550	2.988315e-01,2.195303e-01,1.833736e-07,1.651345e-01,3.165031e-01,1.732551e-07,2.901926e-08,1.274507e-07,5.461370e-08	0.000001	0.822801	0.311007	-1950.710545	22
9	19	1365	0.980660	0.000010	0.019330	0.000000	0.000000	0.000000	0.000000	0.000000	0.000000	0.019335	0.000000	0.000000	0.009668	0.000000	0.000000	0.019330	0.000000	0.019330	0.019335	-0.000000	-1936.071216	78	-1	0.204801	2.764167e-01,2.353954e-01,2.250256e-09,1.803584e-01,3.078294e-01,2.378413e-11,2.124258e-09,7.201410e-08,3.209113e-08	0.000000	0.740413	0.298454	-1982.728326	26
10	11	1608	0.966351	0.000002	0.033647	0.000000	0.000000	0.000000	0.000000	0.000000	0.000000	0.033648	0.000000	0.000000	0.016824	0.000000	0.000000	0.033647	0.000000	0.033647	0.033648	0.000000	-2308.569112	94	-1	0.241260	2.904465e-01,1.263918e-01,6.087795e-08,2.635794e-01,3.195813e-01,9.502645e-07,2.447172e-10,1.488688e-11,8.385879e-10	0.000000	0.819498	0.310534	-2351.280654	30
10	12	1542	1.000000	0.000000	0.000000	0.000000	0.000000	0.000000	0.000000	0.000000	0.000000	0.000137	0.000000	0.000000	0.000069	0.000000	0.000000	0.000137	0.000000	0.000137	0.000137	0.000000	-2340.865572	158	-2340.866462	0.231358	2.344124e-01,1.766072e-01,5.325261e-06,2.511163e-01,3.378582e-01,5.004179e-10,1.077985e-07,9.011874e-08,3.494331e-07	0.000016	0.789888	0.306176	-2368.114625	35
10	13	1816	0.967353	0.000000	0.032646	0.000000	0.000000	0.000000	0.000000	0.000000	0.000000	0.032646	0.000000	0.000000	0.016323	0.000000	0.000000	0.032646	0.000000	0.032646	0.032647	0.000000	-2697.711208	82	-1	0.272468	2.464248e-01,1.597226e-01,6.321670e-08,2.485370e-01,3.453152e-01,2.365566e-07,2.575916e-11,6.865010e-08,8.969467e-08	0.000000	0.845822	0.314240	-2732.235019	23
10	14	1554	0.947159	0.000001	0.052840	0.000000	0.000000	0.000000	0.000000	0.000000	0.000000	0.052841	0.000000	0.000000	0.026420	0.000000	0.000000	0.052840	0.000000	0.052840	0.052841	-0.000000	-2248.310344	106	-1	0.233158	2.680863e-01,1.446186e-01,2.525023e-07,2.405140e-01,3.467807e-01,2.003987e-08,2.218252e-09,4.733056e-08,4.272053e-08	0.000001	0.900418	0.321482	-2272.595760	30
10	15	1648	0.845249	0.000011	0.154739	0.000000	0.000001	0.000000	0.000000	0.000000	0.000000	0.154745	0.000001	0.000001	0.077373	0.000000	0.000001	0.154739	0.000000	0.154739	0.154745	0.000000	-2406.236653	66	-1	0.247262	2.776038e-01,1.465758e-01,2.053561e-08,1.921673e-01,3.836528e-01,9.844166e-08,1.647278e-07,3.541981e-08,9.277575e-09	0.000000	1.132576	0.346868	-2426.002978	18
10	16	1728	0.932807	0.000000	0.067193	0.000000	0.000000	0.000000	0.000000	0.000000	0.000000	0.067193	0.000000	0.000000	0.033597	0.000000	0.000000	0.067193	0.000000	0.067193	0.067193	0.000000	-2526.996815	86	-1	0.259265	2.837843e-01,1.409493e-01,3.677024e-07,2.261581e-01,3.491079e-01,4.750153e-09,4.524080e-08,4.373394e-09,4.176165e-08	0.000001	0.950968	0.327701	-2569.057628	22
10	17	1651	1.000000	0.000000	0.000000	0.000000	0.000000	0.000000	0.000000	0.000000	0.000000	0.000006	0.000000	0.000001	0.000003	0.000000	0.000000	0.000006	0.000000	0.000006	0.000006	0.000000	-2520.583502	94	-2520.583914	0.247712	2.334828e-01,1.746745e-01,2.046468e-05,2.545410e-01,3.372811e-01,1.549032e-08,3.578746e-11,1.379059e-08,1.850260e-07	0.000061	0.785771	0.305533	-2565.670592	50
10	18	1614	0.904370	0.000001	0.095628	0.000000	0.000000	0.000000	0.000000	0.000000	0.000000	0.095629	0.000001	0.000001	0.047815	0.000000	0.000000	0.095628	0.000000	0.095629	0.095630	0.000000	-2343.997520	66	-1	0.242161	2.712345e-01,1.499976e-01,6.288010e-08,2.195427e-01,3.592249e-01,2.724308e-08,1.325378e-07,5.560194e-09,1.170637e-07	0.000001	0.972085	0.330173	-2377.616504	18
10	19	1608	0.879030	0.000000	0.120970	0.000000	0.000000	0.000000	0.000000	0.000000	0.000000	0.120970	0.000000	0.000000	0.060485	0.000000	0.000000	0.120970	0.000000	0.120970	0.120970	0.000000	-2361.939311	70	-1	0.241260	2.439977e-01,1.749307e-01,7.516354e-07,1.826829e-01,3.983879e-01,5.809926e-10,9.232278e-10,1.066504e-09,9.216991e-08	0.000002	1.114016	0.345106	-2353.818331	22
11	12	1409	0.959996	0.000010	0.039993	0.000000	0.000000	0.000000	0.000000	0.000000	0.000000	0.039998	0.000000	0.000000	0.019999	0.000000	0.000000	0.039993	0.000000	0.039993	0.039998	0.000000	-2048.073371	106	-1	0.211403	3.079717e-01,2.356224e-01,1.920163e-08,1.589989e-01,2.974060e-01,6.401892e-08,5.465112e-07,3.185345e-07,5.925601e-08	0.000002	0.753647	0.300581	-2142.080484	26
11	13	1585	0.990203	0.000000	0.009796	0.000000	0.000000	0.000000	0.000000	0.000000	0.000001	0.009797	0.000001	0.000001	0.004899	0.000001	0.000001	0.009796	0.000001	0.009797	0.009797	-0.000000	-2267.929544	123	-1	0.237809	3.098549e-01,2.148171e-01,8.762868e-09,1.755072e-01,2.998208e-01,1.202959e-09,6.607609e-08,1.216967e-08,1.486732e-09	0.000000	0.768132	0.302860	-2369.210649	26
11	14	1462	1.000000	0.000000	0.000000	0.000000	0.000000	0.000000	0.000000	0.000000	0.000000	0.000003	0.000000	0.000000	0.000002	0.000000	0.000000	0.000000	0.000000	0.000000	0.000003	0.000000	-2031.163034	58	-2031.163555	0.219355	2.667819e-01,2.743152e-01,1.307922e-09,2.232743e-01,2.356287e-01,1.038430e-09,4.102081e-11,2.002101e-09,2.033325e-09	0.000000	0.473540	0.243205	-2166.957783	30
11	15	1564	1.000000	0.000000	0.000000	0.000000	0.000000	0.000000	0.000000	0.000000	0.000000	0.000003	0.000000	0.000000	0.000002	0.000000	0.000000	0.000003	0.000000	0.000003	0.000003	-0.000000	-2216.579057	102	-2216.579182	0.234659	2.907744e-01,2.360618e-01,2.710358e-09,1.817263e-01,2.914375e-01,4.008980e-09,1.934262e-09,5.843699e-09,5.245171e-09	0.000000	0.697573	0.291244	-2332.608467	26
11	16	1574	0.954629	0.000000	0.045371	0.000000	0.000000	0.000000	0.000000	0.000000	0.000000	0.045371	0.000000	0.000000	0.022685	0.000000	0.000000	0.045371	0.000000	0.045371	0.045371	0.000000	-2263.818189	98	-1	0.236159	3.207213e-01,1.964436e-01,3.123910e-09,1.902292e-01,2.926056e-01,1.190594e-09,5.609014e-08,2.935219e-09,2.292481e-07	0.000000	0.756727	0.301070	-2376.238772	22
11	17	1421	1.000000	0.000000	0.000000	0.000000	0.000000	0.000000	0.000000	0.000000	0.000000	0.000006	0.000000	0.000000	0.000003	0.000000	0.000000	0.000006	0.000000	0.000006	0.000006	-0.000000	-2125.501215	106	-2125.501405	0.213203	3.043245e-01,2.211473e-01,1.143713e-07,2.117443e-01,2.627830e-01,8.003629e-08,9.714021e-08,1.086035e-10,6.263460e-07	0.000001	0.607041	0.274172	-2232.105267	23
11	18	1489	0.997741	0.000000	0.002258	0.000000	0.000000	0.000000	0.000000	0.000001	0.000000	0.002258	0.000001	0.000001	0.001129	0.000000	0.000000	0.002259	0.000000	0.002259	0.002259	-0.000000	-2122.966947	143	-1	0.223406	2.930966e-01,2.288394e-01,2.547708e-14,1.910710e-01,2.869924e-01,6.170659e-11,2.698879e-07,5.447185e-08,2.789991e-07	0.000001	0.683461	0.288755	-2217.059910	46
11	19	1519	1.000000	0.000000	0.000000	0.000000	0.000000	0.000000	0.000000	0.000000	0.000000	0.000003	0.000000	0.000000	0.000001	0.000000	0.000000	0.000000	0.000000	0.000000	0.000003	-0.000000	-2209.165532	74	-2209.165759	0.227907	2.820646e-01,2.718371e-01,4.599278e-11,1.775094e-01,2.685875e-01,2.596200e-10,3.344849e-07,1.076844e-06,1.109155e-08	0.000001	0.597727	0.272256	-2300.586991	26
12	13	1534	1.000000	0.000000	0.000000	0.000000	0.000000	0.000000	0.000000	0.000000	0.000000	0.000082	0.000000	0.000000	0.000041	0.000000	0.000000	0.000082	0.000000	0.000082	0.000082	-0.000000	-2273.382446	94	-2273.383373	0.230158	2.636670e-01,2.068399e-01,1.775495e-11,2.170209e-01,3.124717e-01,1.057607e-08,2.388448e-07,1.177899e-07,7.856660e-08	0.000001	0.737203	0.297931	-2357.904097	22
12	14	1423	0.957657	0.000001	0.042342	0.000000	0.000000	0.000000	0.000000	0.000000	0.000000	0.042343	0.000000	0.000000	0.021171	0.000000	0.000000	0.042342	0.000000	0.042342	0.042343	0.000000	-2081.997325	86	-1	0.213503	2.826406e-01,1.887264e-01,1.815876e-08,2.017191e-01,3.262974e-01,3.683436e-08,3.527284e-08,1.136919e-10,6.164673e-04	0.000000	0.835705	0.312833	-2177.289907	22
12	15	1453	1.000000	0.000000	0.000000	0.000000	0.000000	0.000000	0.000000	0.000000	0.000000	0.000032	0.000001	0.000001	0.000016	0.000000	0.000000	0.000032	0.000000	0.000032	0.000032	-0.000000	-2094.152297	94	-2094.153357	0.218005	2.498529e-01,2.056769e-01,9.866817e-09,2.259249e-01,3.185450e-01,4.371103e-13,1.958391e-07,5.397588e-11,8.300911e-08	0.000001	0.738053	0.298070	-2171.050995	27
12	16	1530	1.000000	0.000000	0.000000	0.000000	0.000000	0.000000	0.000000	0.000000	0.000000	0.000033	0.000000	0.000000	0.000017	0.000000	0.000000	0.000032	0.000000	0.000032	0.000033	-0.000000	-2147.847605	82	-2147.848499	0.229557	3.018845e-01,1.974133e-01,3.875036e-10,2.282341e-01,2.724680e-01,1.330034e-09,2.661519e-10,7.144437e-08,9.899975e-09	0.000000	0.640126	0.280726	-2249.557642	22
12	17	1437	1.000000	0.000000	0.000000	0.000000	0.000000	0.000000	0.000000	0.000000	0.000000	0.000000	0.000000	0.000000	0.000000	0.000000	0.000000	0.000000	0.000000	0.000000	0.000001	-0.000000	-2165.894802	94	-2165.894813	0.215604	2.727883e-01,2.021316e-01,1.059813e-07,2.379355e-01,2.871444e-01,4.670686e-08,5.547055e-08,1.838069e-08,2.553590e-08	0.000001	0.652501	0.283080	-2252.726768	22
12	18	1473	0.909719	0.000000	0.090281	0.000000	0.000000	0.000000	0.000000	0.000000	0.000000	0.090281	0.000000	0.000000	0.045140	0.000000	0.000000	0.090281	0.000000	0.090281	0.090281	0.000000	-2121.537316	90	-1	0.221005	2.904801e-01,1.917937e-01,2.728080e-11,1.794176e-01,3.383082e-01,3.427195e-10,3.239824e-07,9.231082e-10,2.112230e-10	0.000001	0.911362	0.322866	-2195.538156	26
12	19	1370	1.000000	0.000000	0.000000	0.000000	0.000000	0.000000	0.000000	0.000000	0.000000	0.000034	0.000000	0.000000	0.000017	0.000000	0.000000	0.000033	0.000000	0.000033	0.000034	0.000000	-1939.000229	102	-1939.000654	0.205551	2.550959e-01,2.057761e-01,1.929084e-07,2.167427e-01,3.223841e-01,2.161530e-08,1.174820e-07,1.589273e-07,6.944313e-07	0.000001	0.763004	0.302059	-1994.857518	19
13	14	1474	0.990755	0.000000	0.009245	0.000000	0.000000	0.000000	0.000000	0.000000	0.000000	0.009245	0.000000	0.000000	0.004623	0.000000	0.000000	0.009245	0.000000	0.009245	0.009245	-0.000000	-2006.696953	110	-1	0.221155	2.844298e-01,2.064559e-01,7.568258e-09,2.020175e-01,3.070687e-01,2.264884e-12,2.346060e-11,1.767664e-11,2.806705e-05	0.000000	0.751747	0.300279	-2138.139878	62
13	15	1581	1.000000	0.000000	0.000000	0.000000	0.000000	0.000000	0.000000	0.000000	0.000000	0.000008	0.000002	0.000000	0.000004	0.000000	0.000000	0.000008	0.000000	0.000008	0.000009	0.000001	-2238.031680	58	-2238.032546	0.237209	2.605104e-01,2.305691e-01,1.739750e-08,2.068752e-01,3.020452e-01,2.160126e-08,1.113705e-09,2.881221e-08,2.171437e-08	0.000000	0.690477	0.290000	-2346.601099	30
13	16	1588	1.000000	0.000000	0.000000	0.000000	0.000000	0.000000	0.000000	0.000000	0.000000	0.000057	0.000000	0.000000	0.000029	0.000000	0.000000	0.000056	0.000000	0.000057	0.000057	0.000000	-2204.046244	94	-2204.047129	0.238260	3.140778e-01,2.010855e-01,1.992364e-08,2.113991e-01,2.734375e-01,1.820820e-11,3.449477e-10,5.414847e-09,3.669014e-08	0.000000	0.662904	0.285021	-2310.338026	22
13	17	1633	0.951370	0.000001	0.048626	0.000000	0.000002	0.000000	0.000001	0.000000	0.000000	0.048628	0.000001	0.000002	0.024315	0.000001	0.000001	0.048626	0.000000	0.048626	0.048629	0.000000	-2431.317435	62	-1	0.245011	2.964453e-01,1.948631e-01,1.899836e-09,2.040840e-01,3.046072e-01,8.083246e-09,1.138547e-07,4.810246e-09,3.293374e-07	0.000000	0.763527	0.302141	-2517.862321	23
13	18	1653	0.851211	0.000007	0.148781	0.000000	0.000000	0.000000	0.000000	0.000000	0.000000	0.148785	0.000000	0.000000	0.074393	0.000000	0.000000	0.148781	0.000000	0.148782	0.148785	0.000000	-2394.281142	50	-1	0.248012	3.048450e-01,1.763656e-01,1.254747e-07,1.559538e-01,3.628347e-01,1.746531e-08,3.675127e-07,1.857596e-08,3.809501e-07	0.000001	1.091823	0.342947	-2445.008970	18
13	19	1660	0.998239	0.000000	0.001761	0.000000	0.000000	0.000000	0.000000	0.000000	0.000000	0.001761	0.000000	0.000000	0.000881	0.000000	0.000000	0.001761	0.000000	0.001761	0.001761	-0.000000	-2331.121253	178	-1	0.249062	2.678319e-01,2.214224e-01,2.007022e-10,1.939631e-01,3.167827e-01,2.010626e-09,1.757490e-08,6.631709e-10,5.397278e-09	0.000000	0.762624	0.302000	-2408.617219	22
14	15	1514	0.906966	0.000004	0.093030	0.000000	0.000000	0.000000	0.000000	0.000000	0.000000	0.093032	0.000000	0.000000	0.046516	0.000000	0.000000	0.093030	0.000000	0.093030	0.093032	-0.000000	-2176.514402	94	-1	0.227157	2.871292e-01,1.952467e-01,8.030272e-12,1.824725e-01,3.351514e-01,2.000742e-09,8.411399e-09,1.141611e-07,1.917105e-11	0.000000	0.887303	0.319794	-2241.423577	27
14	16	1619	1.000000	0.000000	0.000000	0.000000	0.000000	0.000000	0.000000	0.000000	0.000000	0.000130	0.000000	0.000000	0.000065	0.000000	0.000000	0.000129	0.000000	0.000130	0.000130	0.000000	-2239.437002	102	-2239.438174	0.242911	3.176140e-01,1.958890e-01,3.472546e-07,2.114415e-01,2.750533e-01,1.837905e-07,5.384126e-07,9.753410e-08,1.005770e-06	0.000003	0.675256	0.287279	-2361.776869	23
14	17	1512	1.000000	0.000000	0.000000	0.000000	0.000000	0.000000	0.000000	0.000000	0.000000	0.000001	0.000000	0.000000	0.000001	0.000000	0.000000	0.000000	0.000000	0.000000	0.000001	0.000000	-2209.535144	58	-2209.535353	0.226857	2.678122e-01,2.282769e-01,2.999174e-06,2.593009e-01,2.446050e-01,1.549887e-07,1.690899e-06,1.704932e-07,1.470186e-08	0.000019	0.501669	0.250408	-2306.543419	26
14	18	1441	0.937438	0.000004	0.062558	0.000000	0.000000	0.000000	0.000000	0.000000	0.000000	0.062560	0.000000	0.000000	0.031280	0.000000	0.000000	0.062558	0.000000	0.062558	0.062560	-0.000000	-1938.993598	58	-1	0.216204	3.035718e-01,2.067486e-01,5.095009e-12,1.690429e-01,3.206357e-01,7.391452e-08,7.923129e-07,3.750641e-09,1.198208e-07	0.000002	0.853226	0.315255	-2028.213196	26
14	19	1533	0.911639	0.000006	0.088351	0.000000	0.000000	0.000003	0.000000	0.000000	0.000000	0.088355	0.000003	0.000001	0.044177	0.000000	0.000000	0.088351	0.000000	0.088352	0.088356	0.000001	-2152.384722	94	-1	0.230008	2.696378e-01,1.959857e-01,1.134907e-07,1.678599e-01,3.665163e-01,4.528781e-08,4.305378e-09,1.173154e-07,4.323027e-08	0.000000	1.007339	0.334145	-2220.097782	22
15	16	1587	0.874698	0.000016	0.125286	0.000000	0.000000	0.000000	0.000000	0.000000	0.000000	0.125294	0.000000	0.000000	0.062647	0.000000	0.000000	0.125286	0.000000	0.125286	0.125294	-0.000000	-2262.318348	74	-1	0.238110	3.122257e-01,1.507138e-01,3.446405e-08,1.888066e-01,3.482538e-01,2.675400e-09,8.386950e-08,4.675329e-10,2.504091e-09	0.000000	1.025723	0.336143	-2372.558220	22
15	17	1515	0.966995	0.000000	0.033004	0.000000	0.000000	0.000000	0.000000	0.000000	0.000000	0.033004	0.000000	0.000000	0.016502	0.000000	0.000000	0.033004	0.000000	0.033004	0.033004	0.000000	-2232.680452	70	-1	0.227307	2.883914e-01,1.789281e-01,2.332186e-08,2.161221e-01,3.162731e-01,4.061590e-07,1.965873e-09,1.431691e-11,2.848366e-04	0.000000	0.800589	0.307779	-2326.147297	38
15	18	1455	0.921110	0.000001	0.078887	0.000000	0.000000	0.000002	0.000000	0.000001	0.000000	0.078888	0.000003	0.000001	0.039444	0.000000	0.000000	0.078888	0.000000	0.078888	0.078889	0.000001	-2018.985782	102	-1	0.218305	2.946681e-01,1.768479e-01,1.632870e-09,1.936101e-01,3.348738e-01,5.317714e-09,1.185088e-09,5.854155e-10,1.804882e-09	0.000000	0.903945	0.321930	-2094.765740	22
15	19	1527	0.878618	0.000001	0.121382	0.000000	0.000000	0.000000	0.000000	0.000000	0.000000	0.121382	0.000000	0.000000	0.060691	0.000000	0.000000	0.121382	0.000000	0.121382	0.121382	-0.000000	-2099.776607	86	-1	0.229107	3.105627e-01,1.916338e-01,4.487327e-07,1.612388e-01,3.365637e-01,2.304204e-07,1.156531e-07,9.092787e-08,6.949407e-09	0.000002	0.953780	0.328034	-2175.643028	18
16	17	1598	1.000000	0.000000	0.000000	0.000000	0.000000	0.000000	0.000000	0.000000	0.000000	0.000015	0.000002	0.000001	0.000008	0.000000	0.000000	0.000015	0.000000	0.000015	0.000017	0.000001	-2339.206207	54	-2339.207513	0.239760	3.055233e-01,2.223276e-01,1.307450e-06,2.074545e-01,2.646931e-01,3.993372e-09,1.020691e-07,5.034027e-10,6.368144e-08	0.000005	0.615875	0.275958	-2448.447743	26
16	18	1599	0.973377	0.000000	0.026622	0.000000	0.000000	0.000001	0.000000	0.000000	0.000000	0.026622	0.000001	0.000000	0.013311	0.000000	0.000000	0.026622	0.000000	0.026622	0.026622	0.000001	-2246.228188	86	-1	0.239910	3.017745e-01,2.158577e-01,1.254571e-06,1.660853e-01,3.162793e-01,5.132757e-07,3.180555e-07,1.954226e-07,9.205408e-07	0.000005	0.828075	0.311755	-2346.799805	23
16	19	1533	1.000000	0.000000	0.000000	0.000000	0.000000	0.000000	0.000000	0.000000	0.000000	0.000001	0.000001	0.000002	0.000001	0.000000	0.000000	0.000001	0.000000	0.000001	0.000003	-0.000000	-2138.890961	106	-2138.892014	0.230008	2.820423e-01,2.656045e-01,3.621931e-09,1.925093e-01,2.598431e-01,3.236282e-08,5.882403e-07,3.447044e-10,1.058303e-07	0.000002	0.567201	0.265741	-2222.975177	22
17	18	1550	1.000000	0.000000	0.000000	0.000000	0.000000	0.000000	0.000000	0.000000	0.000000	0.000025	0.000000	0.000000	0.000013	0.000000	0.000000	0.000023	0.000000	0.000023	0.000025	0.000000	-2296.650322	78	-2296.650940	0.232558	2.750994e-01,2.229494e-01,8.045529e-07,1.886945e-01,3.132552e-01,1.359433e-10,6.844293e-07,5.316110e-08,8.015532e-09	0.000005	0.760983	0.301740	-2379.788801	22
17	19	1515	0.967209	0.000000	0.032790	0.000000	0.000000	0.000000	0.000000	0.000000	0.000000	0.032791	0.000000	0.000001	0.016395	0.000000	0.000000	0.032790	0.000000	0.032790	0.032791	-0.000000	-2223.403347	66	-1	0.227307	2.818145e-01,2.118637e-01,5.147787e-08,1.974992e-01,3.088222e-01,2.297560e-09,3.144471e-07,3.493545e-08,1.272790e-08	0.000001	0.754396	0.300700	-2272.315976	22
18	19	1562	0.920397	0.000008	0.079595	0.000000	0.000000	0.000000	0.000000	0.000000	0.000000	0.079599	0.000000	0.000000	0.039799	0.000000	0.000000	0.079595	0.000000	0.079595	0.079599	-0.000000	-2181.289404	78	-1	0.234359	2.716507e-01,1.870287e-01,5.704657e-10,1.807830e-01,3.605376e-01,2.586628e-11,5.849321e-10,5.121777e-10,2.494262e-12	0.000000	0.980223	0.331107	-2244.154081	22
