a	b	nSites	J9	J8	J7	J6	J5	J4	J3	J2	J1	rab	Fa	Fb	theta	inbred_relatedness_1_2	inbred_relatedness_2_1	fraternity	identity	zygosity	2of3_IDB	FDiff	loglh	nIter	bestoptimll	coverage	2dsfs	R0	R1	KING	2dsfs_loglike	2dsfsf_niter
0	1	1514	0.981149	0.000000	0.018850	0.000000	0.000000	0.000000	0.000000	0.000000	0.000000	0.018850	0.000001	0.000001	0.009425	0.000000	0.000000	0.018850	0.000000	0.018851	0.018851	0.000000	-2107.016159	110	-1	0.227157	2.860857e-01,2.230367e-01,5.967179e-07,1.876709e-01,3.032048e-01,1.231723e-07,5.441849e-07,5.523284e-07,1.232372e-07	0.000004	0.738247	0.298100	-2184.560630	22
0	2	1356	1.000000	0.000000	0.000000	0.000000	0.000000	0.000000	0.000000	0.000000	0.000000	0.000727	0.000000	0.000000	0.000364	0.000000	0.000000	0.000727	0.000000	0.000727	0.000727	0.000000	-1869.893320	198	-1869.894010	0.203451	2.993410e-01,1.916323e-01,1.009683e-07,2.097701e-01,2.992561e-01,1.376459e-07,5.673932e-11,1.988637e-07,8.488101e-08	0.000000	0.745526	0.299281	-1939.517655	22
0	3	1468	0.958339	0.000001	0.041660	0.000000	0.000000	0.000000	0.000000	0.000000	0.000000	0.041660	0.000000	0.000000	0.020830	0.000000	0.000000	0.041660	0.000000	0.041660	0.041660	0.000000	-2096.087937	66	-1	0.220255	2.993484e-01,1.899741e-01,1.050683e-09,2.022144e-01,3.084631e-01,5.520278e-10,8.592566e-10,4.747381e-09,7.921898e-09	0.000000	0.786517	0.305677	-2173.439149	22
0	4	1477	0.890400	0.000001	0.109600	0.000000	0.000000	0.000000	0.000000	0.000000	0.000000	0.109600	0.000000	0.000000	0.054800	0.000000	0.000000	0.109600	0.000000	0.109600	0.109600	-0.000000	-2138.270813	98	-1	0.221605	2.836432e-01,1.905640e-01,3.410297e-07,1.820179e-01,3.437731e-01,9.669842e-08,3.787979e-07,4.142456e-07,4.753678e-07	0.000002	0.922675	0.324274	-2165.705002	19
0	5	1444	1.000000	0.000000	0.000000	0.000000	0.000000	0.000000	0.000000	0.000000	0.000000	0.000004	0.000002	0.000002	0.000002	0.000000	0.000001	0.000000	0.000000	0.000000	0.000005	0.000001	-2048.925626	86	-2048.926900	0.216654	2.645952e-01,2.359104e-01,9.572350e-07,2.578298e-01,2.416602e-01,8.603554e-09,9.668196e-08,3.356539e-06,3.052849e-10	0.000004	0.489444	0.247331	-2141.462423	30
0	6	1502	1.000000	0.000000	0.000000	0.000000	0.000000	0.000000	0.000000	0.000000	0.000000	0.000466	0.000000	0.000000	0.000233	0.000000	0.000000	0.000465	0.000000	0.000466	0.000466	-0.000000	-2135.858746	202	-2135.859767	0.225356	2.625162e-01,2.128216e-01,3.257323e-07,2.279370e-01,2.967228e-01,1.658337e-07,4.762626e-08,1.579726e-06,1.458338e-07	0.000001	0.673206	0.286908	-2205.150641	26
0	7	1489	1.000000	0.000000	0.000000	0.000000	0.000000	0.000000	0.000000	0.000000	0.000000	0.000045	0.000000	0.000000	0.000022	0.000000	0.000000	0.000044	0.000000	0.000045	0.000045	0.000000	-2226.066094	90	-2226.066688	0.223406	2.876210e-01,1.991849e-01,2.965887e-07,2.374560e-01,2.757357e-01,3.671442e-09,2.141606e-07,1.240506e-06,6.636733e-07	0.000002	0.631491	0.279052	-2292.539339	22
0	8	1557	1.000000	0.000000	0.000000	0.000000	0.000000	0.000000	0.000000	0.000000	0.000000	0.000031	0.000000	0.000000	0.000016	0.000000	0.000000	0.000031	0.000000	0.000031	0.000031	-0.000000	-2243.370892	106	-2243.371929	0.233608	2.387482e-01,2.352605e-01,3.394401e-07,2.003697e-01,3.256196e-01,9.156754e-07,1.672287e-07,3.040670e-07,3.095996e-07	0.000002	0.747465	0.299593	-2264.154230	19
0	9	1335	0.953413	0.000002	0.046584	0.000000	0.000000	0.000000	0.000000	0.000000	0.000000	0.046585	0.000000	0.000000	0.023293	0.000000	0.000000	0.046584	0.000000	0.046584	0.046585	0.000000	-1903.440868	78	-1	0.200300	3.005955e-01,1.906586e-01,2.110164e-08,2.090838e-01,2.996620e-01,2.973409e-09,1.049602e-08,7.299791e-09,1.470034e-08	0.000000	0.749638	0.299942	-1948.389831	22
0	10	1704	0.964288	0.000000	0.035712	0.000000	0.000000	0.000000	0.000000	0.000000	0.000000	0.035712	0.000000	0.000000	0.017856	0.000000	0.000000	0.035712	0.000000	0.035712	0.035712	0.000000	-2431.194134	82	-1	0.255664	2.521654e-01,2.316163e-01,2.502179e-08,1.695151e-01,3.467021e-01,2.573503e-08,2.368453e-07,8.313278e-07,3.068354e-11	0.000001	0.864308	0.316757	-2453.349901	22
0	11	1421	1.000000	0.000000	0.000000	0.000000	0.000000	0.000000	0.000000	0.000000	0.000000	0.000016	0.000000	0.000000	0.000008	0.000000	0.000000	0.000015	0.000000	0.000015	0.000016	0.000000	-2019.938029	58	-2019.938876	0.213203	2.816337e-01,2.081886e-01,4.264679e-08,2.383354e-01,2.718414e-01,5.245951e-08,3.529187e-07,3.846547e-07,1.685555e-07	0.000001	0.608793	0.274529	-2107.793151	23
0	12	1418	0.898937	0.000013	0.101049	0.000000	0.000000	0.000000	0.000000	0.000000	0.000000	0.101056	0.000001	0.000001	0.050528	0.000000	0.000000	0.101049	0.000000	0.101049	0.101056	0.000000	-2002.287893	58	-1	0.212753	3.045378e-01,1.971683e-01,9.777778e-07,1.650224e-01,3.332702e-01,1.296459e-07,2.038523e-09,1.898924e-08,9.349372e-08	0.000003	0.920148	0.323960	-2077.414013	22
0	13	1587	1.000000	0.000000	0.000000	0.000000	0.000000	0.000000	0.000000	0.000000	0.000000	0.000075	0.000000	0.000000	0.000038	0.000000	0.000000	0.000075	0.000000	0.000075	0.000075	-0.000000	-2186.106604	126	-2186.107720	0.238110	2.802622e-01,2.063393e-01,2.945832e-09,2.151021e-01,2.982959e-01,6.717044e-09,5.219901e-07,6.164087e-09,4.794396e-11	0.000002	0.707798	0.293011	-2274.061952	26
0	14	1490	0.887497	0.000028	0.112475	0.000000	0.000000	0.000000	0.000000	0.000000	0.000000	0.112489	0.000000	0.000000	0.056245	0.000000	0.000000	0.112475	0.000000	0.112475	0.112489	0.000000	-2114.281607	62	-1	0.223556	3.123874e-01,1.792991e-01,1.617265e-11,1.798942e-01,3.284187e-01,9.709648e-11,6.462218e-07,9.121254e-11,4.425784e-10	0.000002	0.914321	0.323236	-2185.185537	35
0	15	1500	1.000000	0.000000	0.000000	0.000000	0.000000	0.000000	0.000000	0.000000	0.000000	0.000004	0.000003	0.000003	0.000003	0.000002	0.000002	0.000001	0.000002	0.000003	0.000004	-0.000000	-2149.554065	63	-2149.555871	0.225056	2.531244e-01,2.474994e-01,3.546581e-09,2.238220e-01,2.755517e-01,1.011162e-08,1.400360e-06,1.033730e-06,6.573458e-09	0.000005	0.584633	0.269505	-2204.608943	22
0	16	1552	1.000000	0.000000	0.000000	0.000000	0.000000	0.000000	0.000000	0.000000	0.000000	0.000008	0.000001	0.000001	0.000004	0.000000	0.000000	0.000007	0.000000	0.000007	0.000009	0.000000	-2151.257548	66	-2151.258154	0.232858	3.054499e-01,2.047236e-01,2.359414e-07,2.305675e-01,2.592585e-01,1.246081e-07,1.889618e-09,1.512095e-07,3.910003e-09	0.000001	0.595597	0.271814	-2240.667927	26
0	17	1560	1.000000	0.000000	0.000000	0.000000	0.000000	0.000000	0.000000	0.000000	0.000000	0.000015	0.000000	0.000000	0.000007	0.000000	0.000000	0.000014	0.000000	0.000014	0.000015	0.000000	-2263.236282	78	-2263.237188	0.234059	2.808924e-01,2.316462e-01,3.429029e-06,2.293816e-01,2.580763e-01,3.548766e-08,1.984519e-08,2.894936e-08,1.701657e-09	0.000013	0.559780	0.264096	-2334.914600	30
0	18	1422	0.969460	0.000001	0.030539	0.000000	0.000000	0.000000	0.000000	0.000000	0.000000	0.030540	0.000000	0.000000	0.015270	0.000000	0.000000	0.030539	0.000000	0.030539	0.030540	-0.000000	-1983.818018	86	-1	0.213353	2.655584e-01,2.117674e-01,4.476614e-08,1.924633e-01,3.302103e-01,4.295477e-07,4.790251e-10,1.012219e-07,7.985870e-08	0.000000	0.816885	0.310158	-2036.492662	22
0	19	1488	1.000000	0.000000	0.000000	0.000000	0.000000	0.000000	0.000000	0.000000	0.000000	0.000003	0.000000	0.000000	0.000002	0.000000	0.000000	0.000003	0.000000	0.000003	0.000003	-0.000000	-2143.436317	78	-2143.436725	0.223256	2.315158e-01,2.705893e-01,2.260972e-08,2.068835e-01,2.910112e-01,7.124509e-09,1.628451e-08,1.446804e-07,5.321536e-08	0.000000	0.609482	0.274670	-2181.923981	26
1	2	1320	0.957473	0.000001	0.042526	0.000000	0.000000	0.000000	0.000000	0.000000	0.000000	0.042527	0.000000	0.000000	0.021263	0.000000	0.000000	0.042526	0.000000	0.042526	0.042527	-0.000000	-1889.735247	94	-1	0.198050	3.103200e-01,1.911817e-01,2.461421e-06,1.895076e-01,3.089874e-01,3.255563e-13,1.911191e-08,7.698097e-12,8.062149e-07	0.000008	0.811647	0.309396	-1969.043243	23
1	3	1440	1.000000	0.000000	0.000000	0.000000	0.000000	0.000000	0.000000	0.000000	0.000000	0.000012	0.000000	0.000000	0.000006	0.000000	0.000000	0.000012	0.000000	0.000012	0.000012	-0.000000	-2112.702704	122	-2112.702815	0.216054	2.894888e-01,2.004604e-01,2.746828e-09,1.937587e-01,3.162888e-01,6.793924e-09,2.464261e-08,2.960276e-06,2.674373e-07	0.000000	0.802311	0.308034	-2238.633463	38
1	4	1520	0.966595	0.000000	0.033404	0.000000	0.000000	0.000000	0.000000	0.000000	0.000000	0.033405	0.000000	0.000001	0.016702	0.000000	0.000000	0.033404	0.000000	0.033404	0.033405	-0.000000	-2182.716527	110	-1	0.228057	2.802868e-01,2.054543e-01,7.292410e-08,1.860530e-01,3.282051e-01,1.198828e-07,4.504517e-08,1.006412e-07,4.190855e-07	0.000000	0.838311	0.313197	-2246.565188	23
1	5	1508	1.000000	0.000000	0.000000	0.000000	0.000000	0.000000	0.000000	0.000000	0.000000	0.000001	0.000000	0.000000	0.000000	0.000000	0.000000	0.000000	0.000000	0.000000	0.000001	-0.000000	-2206.061249	66	-2206.061329	0.226257	2.818144e-01,2.230176e-01,4.410158e-08,2.234636e-01,2.717039e-01,1.085736e-07,2.113585e-07,9.473356e-08,1.504288e-08	0.000001	0.608544	0.274479	-2298.054700	26
1	6	1516	1.000000	0.000000	0.000000	0.000000	0.000000	0.000000	0.000000	0.000000	0.000000	0.000019	0.000000	0.000000	0.000009	0.000000	0.000000	0.000018	0.000000	0.000018	0.000019	0.000000	-2097.495255	106	-2097.495474	0.227457	2.892462e-01,2.160115e-01,3.872179e-07,2.047629e-01,2.899767e-01,7.649130e-09,7.179748e-09,7.413965e-07,1.416192e-06	0.000001	0.689148	0.289765	-2193.366950	34
1	7	1467	1.000000	0.000000	0.000000	0.000000	0.000000	0.000000	0.000000	0.000000	0.000000	0.000002	0.000000	0.000000	0.000001	0.000000	0.000000	0.000002	0.000000	0.000002	0.000002	0.000000	-2234.542253	82	-2234.542437	0.220105	2.878550e-01,2.036295e-01,1.210284e-06,2.298809e-01,2.786302e-01,1.879243e-07,1.383392e-06,9.997066e-07,6.047764e-07	0.000009	0.642724	0.281220	-2337.681312	19
1	8	1552	0.942784	0.000000	0.057215	0.000000	0.000000	0.000000	0.000000	0.000000	0.000000	0.057215	0.000000	0.000000	0.028608	0.000000	0.000000	0.057215	0.000000	0.057215	0.057215	-0.000000	-2295.624859	78	-1	0.232858	2.717429e-01,1.763612e-01,6.173819e-09,1.918096e-01,3.600853e-01,3.095066e-09,9.034874e-07,1.074965e-08,5.760052e-10	0.000003	0.978036	0.330855	-2385.293688	26
1	9	1276	0.982770	0.000000	0.017230	0.000000	0.000000	0.000000	0.000000	0.000000	0.000000	0.017230	0.000000	0.000000	0.008615	0.000000	0.000000	0.017230	0.000000	0.017230	0.017230	-0.000000	-1817.039189	70	-1	0.191448	2.865399e-01,1.880741e-01,3.788305e-09,2.091572e-01,3.162285e-01,1.219393e-07,1.262492e-07,3.036539e-08,2.709603e-09	0.000000	0.796081	0.307111	-1885.046865	22
1	10	1649	0.966488	0.000000	0.033512	0.000000	0.000000	0.000000	0.000000	0.000000	0.000000	0.033512	0.000001	0.000000	0.016756	0.000000	0.000000	0.033512	0.000000	0.033512	0.033512	0.000000	-2438.988826	99	-1	0.247412	2.525815e-01,2.406867e-01,7.237894e-11,1.411047e-01,3.656262e-01,4.040803e-08,4.634830e-10,8.693540e-07,6.263274e-08	0.000000	0.957657	0.328492	-2482.537159	26
1	11	1382	1.000000	0.000000	0.000000	0.000000	0.000000	0.000000	0.000000	0.000000	0.000000	0.000007	0.000001	0.000001	0.000004	0.000001	0.000001	0.000001	0.000001	0.000002	0.000007	-0.000000	-1941.468422	82	-1941.469314	0.207352	2.988909e-01,2.110935e-01,1.568086e-06,2.364132e-01,2.536007e-01,3.745251e-08,3.478823e-08,6.557049e-08,1.817886e-10	0.000006	0.566695	0.265628	-2078.054263	26
1	12	1452	0.939080	0.000001	0.060919	0.000000	0.000000	0.000000	0.000000	0.000000	0.000000	0.060920	0.000000	0.000000	0.030460	0.000000	0.000000	0.060919	0.000000	0.060919	0.060920	-0.000000	-2078.184045	66	-1	0.217854	2.951866e-01,2.098753e-01,4.220400e-07,1.636837e-01,3.312538e-01,1.049232e-10,2.870158e-07,2.366238e-09,2.603247e-10	0.000002	0.886749	0.319721	-2173.293955	42
1	13	1680	1.000000	0.000000	0.000000	0.000000	0.000000	0.000000	0.000000	0.000000	0.000000	0.000005	0.000000	0.000000	0.000003	0.000000	0.000000	0.000004	0.000000	0.000004	0.000005	-0.000000	-2377.451732	82	-2377.452000	0.252063	2.757329e-01,2.135456e-01,1.190105e-07,2.130484e-01,2.976709e-01,5.230510e-08,1.313407e-07,1.828874e-06,1.878699e-08	0.000001	0.697781	0.291280	-2498.342709	26
1	14	1448	0.975932	0.000000	0.024065	0.000001	0.000000	0.000000	0.000000	0.000000	0.000001	0.024066	0.000001	0.000002	0.012033	0.000001	0.000001	0.024065	0.000001	0.024066	0.024067	-0.000000	-1974.845419	78	-1	0.217254	3.087034e-01,1.773130e-01,3.452239e-07,1.916395e-01,3.223384e-01,2.842593e-07,4.532041e-06,3.864462e-07,1.536454e-07	0.000015	0.873645	0.317994	-2078.146384	26
1	15	1478	0.912937	0.000015	0.087049	0.000000	0.000000	0.000000	0.000000	0.000000	0.000000	0.087056	0.000000	0.000000	0.043528	0.000000	0.000000	0.087049	0.000000	0.087049	0.087056	-0.000000	-2037.504040	66	-1	0.221755	3.077288e-01,1.811814e-01,9.438440e-08,1.771043e-01,3.339843e-01,2.097661e-07,2.281783e-09,8.487921e-07,3.233799e-10	0.000000	0.932170	0.325440	-2153.683536	26
1	16	1546	1.000000	0.000000	0.000000	0.000000	0.000000	0.000000	0.000000	0.000000	0.000000	0.000085	0.000000	0.000001	0.000042	0.000000	0.000000	0.000083	0.000000	0.000083	0.000085	-0.000000	-2185.309043	78	-2185.310247	0.231958	2.976115e-01,1.759680e-01,1.669391e-08,2.208143e-01,3.056060e-01,1.431229e-09,9.207254e-10,1.907159e-07,2.064560e-08	0.000000	0.770210	0.303182	-2327.006914	26
1	17	1496	1.000000	0.000000	0.000000	0.000000	0.000000	0.000000	0.000000	0.000000	0.000000	0.000023	0.000000	0.000000	0.000012	0.000000	0.000000	0.000023	0.000000	0.000023	0.000023	-0.000000	-2184.934830	94	-2184.935872	0.224456	2.813650e-01,2.158452e-01,3.795244e-07,2.225328e-01,2.802554e-01,8.720073e-07,1.476227e-08,1.579064e-08,2.170555e-07	0.000001	0.639299	0.280566	-2266.704971	23
1	18	1476	0.886461	0.000029	0.113510	0.000000	0.000000	0.000000	0.000000	0.000000	0.000000	0.113524	0.000000	0.000000	0.056762	0.000000	0.000000	0.113510	0.000000	0.113510	0.113524	0.000000	-2005.409329	370	-1	0.221455	3.144018e-01,1.725048e-01,3.236811e-08,1.747906e-01,3.383020e-01,1.436626e-09,6.045811e-07,1.721421e-07,3.075582e-08	0.000002	0.974102	0.330404	-2118.623047	23
1	19	1549	1.000000	0.000000	0.000000	0.000000	0.000000	0.000000	0.000000	0.000000	0.000000	0.000016	0.000000	0.000000	0.000008	0.000000	0.000000	0.000013	0.000000	0.000013	0.000016	0.000000	-2150.157594	58	-2150.158504	0.232408	2.698681e-01,2.332638e-01,1.051739e-10,1.845073e-01,3.123608e-01,1.954050e-11,4.032838e-11,3.764321e-10,1.127115e-08	0.000000	0.747684	0.299629	-2243.198766	26
2	3	1365	1.000000	0.000000	0.000000	0.000000	0.000000	0.000000	0.000000	0.000000	0.000000	0.000002	0.000000	0.000000	0.000001	0.000000	0.000000	0.000002	0.000000	0.000002	0.000002	0.000000	-1997.170702	98	-1997.170767	0.204801	2.930887e-01,2.202250e-01,4.003968e-07,1.899282e-01,2.967562e-01,3.495047e-07,1.250275e-07,9.530598e-07,1.159885e-09	0.000002	0.723522	0.295671	-2096.450484	22
2	4	1395	0.986547	0.000002	0.013451	0.000000	0.000000	0.000000	0.000000	0.000000	0.000000	0.013452	0.000000	0.000000	0.006726	0.000000	0.000000	0.013451	0.000000	0.013451	0.013452	-0.000000	-2060.592995	94	-1	0.209302	2.618678e-01,2.377690e-01,9.934805e-07,1.769965e-01,3.233646e-01,9.363036e-07,7.209018e-08,8.272101e-08,1.233545e-07	0.000003	0.779629	0.304629	-2129.553549	19
2	5	1307	0.959461	0.000028	0.040511	0.000000	0.000000	0.000000	0.000000	0.000000	0.000000	0.040525	0.000000	0.000000	0.020263	0.000000	0.000000	0.040511	0.000000	0.040511	0.040525	-0.000000	-1853.202642	98	-1	0.196099	3.381448e-01,1.971731e-01,1.234100e-07,1.742286e-01,2.904523e-01,2.558969e-07,1.229828e-07,1.361031e-07,4.508126e-07	0.000001	0.782042	0.304998	-1962.424862	23
2	6	1343	1.000000	0.000000	0.000000	0.000000	0.000000	0.000000	0.000000	0.000000	0.000000	0.000003	0.000000	0.000000	0.000002	0.000000	0.000000	0.000002	0.000000	0.000002	0.000003	-0.000000	-1915.624073	70	-1915.624433	0.201500	2.703154e-01,2.475590e-01,4.299033e-07,2.379744e-01,2.441505e-01,7.865331e-08,1.262726e-07,3.478969e-08,1.316732e-08	0.000002	0.502850	0.250709	-2001.628957	22
2	7	1447	1.000000	0.000000	0.000000	0.000000	0.000000	0.000000	0.000000	0.000000	0.000000	0.000004	0.000000	0.000000	0.000002	0.000000	0.000000	0.000004	0.000000	0.000004	0.000004	0.000000	-2199.030537	98	-2199.030677	0.217104	2.858796e-01,1.978691e-01,1.005568e-08,2.373448e-01,2.789049e-01,1.039466e-11,1.557661e-06,6.706647e-09,1.983891e-08	0.000006	0.640843	0.280861	-2305.896149	26
2	8	1363	0.907143	0.000000	0.092857	0.000000	0.000000	0.000000	0.000000	0.000000	0.000000	0.092857	0.000000	0.000000	0.046428	0.000000	0.000000	0.092857	0.000000	0.092857	0.092857	-0.000000	-1969.975492	66	-1	0.204501	2.908101e-01,2.112886e-01,9.892795e-08,1.536585e-01,3.442422e-01,1.818820e-07,2.198242e-07,1.518821e-09,2.064834e-07	0.000001	0.943265	0.326781	-2056.553487	22
2	9	1227	1.000000	0.000000	0.000000	0.000000	0.000000	0.000000	0.000000	0.000000	0.000000	0.000003	0.000000	0.000000	0.000002	0.000000	0.000000	0.000003	0.000000	0.000003	0.000004	-0.000000	-1751.693319	86	-1751.693408	0.184096	2.977652e-01,2.225210e-01,1.968269e-08,1.979549e-01,2.817513e-01,8.006833e-09,1.422266e-08,1.921857e-07,7.442297e-06	0.000000	0.670077	0.286339	-1843.382039	35
2	10	1461	1.000000	0.000000	0.000000	0.000000	0.000000	0.000000	0.000000	0.000000	0.000000	0.000010	0.000000	0.000000	0.000005	0.000000	0.000000	0.000009	0.000000	0.000010	0.000010	0.000000	-2159.263250	86	-2159.263618	0.219205	2.506299e-01,2.600655e-01,5.168715e-10,1.699044e-01,3.193995e-01,1.891599e-09,7.277393e-07,9.281499e-08,1.202523e-09	0.000002	0.742840	0.298847	-2211.778828	26
2	11	1364	1.000000	0.000000	0.000000	0.000000	0.000000	0.000000	0.000000	0.000000	0.000000	0.000008	0.000000	0.000000	0.000004	0.000000	0.000000	0.000005	0.000000	0.000005	0.000008	0.000000	-1930.099228	98	-1930.099508	0.204651	3.165537e-01,1.653634e-01,8.313922e-10,2.265807e-01,2.915019e-01,3.154487e-09,1.594031e-09,2.578107e-07,2.537186e-09	0.000000	0.743733	0.298992	-2049.704427	26
2	12	1327	1.000000	0.000000	0.000000	0.000000	0.000000	0.000000	0.000000	0.000000	0.000000	0.000910	0.000001	0.000001	0.000455	0.000001	0.000001	0.000909	0.000001	0.000910	0.000910	-0.000000	-1926.288222	175	-1926.289100	0.199100	2.768078e-01,2.114620e-01,4.072205e-08,1.868954e-01,3.248346e-01,7.834688e-10,7.474219e-10,2.619536e-08,6.708046e-08	0.000000	0.815435	0.309949	-2037.675441	22
2	13	1532	0.887804	0.000001	0.112195	0.000000	0.000000	0.000000	0.000000	0.000000	0.000000	0.112196	0.000000	0.000000	0.056098	0.000000	0.000000	0.112195	0.000000	0.112195	0.112196	-0.000000	-2185.263010	78	-1	0.229857	3.215411e-01,1.795569e-01,5.761157e-11,1.721246e-01,3.267771e-01,1.214771e-07,1.585630e-07,1.078058e-08,5.021806e-08	0.000000	0.929184	0.325075	-2257.873534	22
2	14	1387	1.000000	0.000000	0.000000	0.000000	0.000000	0.000000	0.000000	0.000000	0.000000	0.000211	0.000002	0.000002	0.000105	0.000000	0.000000	0.000210	0.000000	0.000210	0.000212	-0.000000	-2008.929720	79	-2008.931158	0.208102	2.802853e-01,2.117435e-01,3.880834e-08,1.868115e-01,3.211592e-01,1.453467e-07,4.766929e-08,6.624503e-08,2.190515e-07	0.000000	0.805808	0.308548	-2099.688315	22
2	15	1352	0.852292	0.000030	0.147678	0.000000	0.000000	0.000000	0.000000	0.000000	0.000000	0.147693	0.000000	0.000000	0.073847	0.000000	0.000000	0.147678	0.000000	0.147678	0.147693	-0.000000	-1858.622112	54	-1	0.202851	3.359294e-01,1.752028e-01,1.587954e-09,1.441922e-01,3.446751e-01,9.933195e-10,4.219771e-07,7.355766e-09,1.544687e-08	0.000001	1.079148	0.341686	-1952.237274	22
2	16	1391	0.941116	0.000004	0.058881	0.000000	0.000000	0.000000	0.000000	0.000000	0.000000	0.058883	0.000000	0.000000	0.029441	0.000000	0.000000	0.058881	0.000000	0.058881	0.058883	0.000000	-1953.188669	138	-1	0.208702	3.362339e-01,1.686176e-01,1.933916e-08,1.973752e-01,2.977732e-01,3.749064e-08,2.063087e-08,5.348850e-09,1.659949e-08	0.000000	0.813604	0.309684	-2039.170376	23
2	17	1474	0.936542	0.000000	0.063458	0.000000	0.000000	0.000000	0.000000	0.000000	0.000000	0.063458	0.000000	0.000000	0.031729	0.000000	0.000000	0.063458	0.000000	0.063458	0.063458	0.000000	-2133.205335	70	-1	0.221155	3.225271e-01,1.886829e-01,6.526082e-09,1.941659e-01,2.946240e-01,1.414945e-08,4.260378e-08,1.161489e-08,2.049477e-08	0.000000	0.769557	0.303081	-2222.194814	22
2	18	1366	1.000000	0.000000	0.000000	0.000000	0.000000	0.000000	0.000000	0.000000	0.000000	0.000006	0.000000	0.000000	0.000003	0.000000	0.000000	0.000005	0.000000	0.000005	0.000006	-0.000000	-1940.862977	90	-1940.863185	0.204951	2.953637e-01,2.117376e-01,3.638405e-08,1.799501e-01,3.129484e-01,5.912245e-11,8.878876e-08,1.429772e-08,9.862006e-08	0.000000	0.798974	0.307540	-2042.526785	22
2	19	1370	1.000000	0.000000	0.000000	0.000000	0.000000	0.000000	0.000000	0.000000	0.000000	0.000002	0.000000	0.000000	0.000001	0.000000	0.000000	0.000002	0.000000	0.000002	0.000002	-0.000000	-2004.647028	94	-2004.647227	0.205551	2.750817e-01,2.247048e-01,2.170257e-08,1.677844e-01,3.324270e-01,8.534137e-08,2.018117e-06,2.712272e-08,4.298061e-09	0.000006	0.846966	0.314394	-2082.494508	22
3	4	1554	0.938496	0.000004	0.061499	0.000000	0.000000	0.000000	0.000000	0.000000	0.000000	0.061502	0.000000	0.000000	0.030751	0.000000	0.000000	0.061499	0.000000	0.061500	0.061502	-0.000000	-2269.202455	90	-1	0.233158	2.906199e-01,2.076425e-01,1.428481e-07,1.833264e-01,3.184096e-01,5.322028e-07,3.828906e-07,3.639427e-07,3.371190e-07	0.000002	0.814409	0.309800	-2341.711452	19
3	5	1444	0.986703	0.000000	0.013297	0.000000	0.000000	0.000000	0.000000	0.000000	0.000000	0.013297	0.000000	0.000000	0.006649	0.000000	0.000000	0.013297	0.000000	0.013297	0.013297	0.000000	-2168.348229	142	-1	0.216654	2.843458e-01,2.036185e-01,1.978840e-08,2.027553e-01,3.092802e-01,7.295427e-08,1.203434e-07,6.672197e-08,2.259618e-09	0.000000	0.761073	0.301756	-2256.147091	23
3	6	1566	1.000000	0.000000	0.000000	0.000000	0.000000	0.000000	0.000000	0.000000	0.000000	0.000005	0.000000	0.000000	0.000002	0.000000	0.000000	0.000001	0.000000	0.000001	0.000005	0.000000	-2234.539145	62	-2234.539832	0.234959	2.602916e-01,2.286133e-01,4.586414e-08,2.346805e-01,2.764141e-01,9.240997e-08,1.326340e-07,9.386913e-08,1.289675e-07	0.000001	0.596628	0.272028	-2333.022993	22
3	7	1473	1.000000	0.000000	0.000000	0.000000	0.000000	0.000000	0.000000	0.000000	0.000000	0.000405	0.000000	0.000000	0.000203	0.000000	0.000000	0.000405	0.000000	0.000405	0.000405	0.000000	-2217.805756	174	-2217.806432	0.221005	3.046084e-01,1.897407e-01,6.402319e-10,2.305534e-01,2.750975e-01,2.133620e-09,7.327369e-09,9.285609e-10,1.343592e-09	0.000000	0.654536	0.283463	-2288.789238	26
3	8	1531	0.984905	0.000000	0.015095	0.000000	0.000000	0.000000	0.000000	0.000000	0.000000	0.015095	0.000000	0.000000	0.007548	0.000000	0.000000	0.015095	0.000000	0.015095	0.015095	0.000000	-2211.595926	86	-1	0.229707	2.730820e-01,2.083832e-01,8.949275e-09,1.952390e-01,3.232958e-01,1.496354e-08,1.172255e-09,2.542883e-10,6.573863e-11	0.000000	0.800986	0.307838	-2304.659820	22
3	9	1335	0.986971	0.000000	0.013028	0.000000	0.000000	0.000000	0.000000	0.000000	0.000000	0.013029	0.000000	0.000000	0.006514	0.000000	0.000000	0.013028	0.000000	0.013028	0.013029	0.000000	-1986.661260	134	-1	0.200300	2.969134e-01,1.920352e-01,1.312193e-05,2.138558e-01,2.971824e-01,5.722842e-09,2.331698e-09,1.754254e-09,1.292710e-08	0.000044	0.732149	0.297080	-2066.748717	34
3	10	1540	1.000000	0.000000	0.000000	0.000000	0.000000	0.000000	0.000000	0.000000	0.000000	0.000036	0.000000	0.000000	0.000018	0.000000	0.000000	0.000036	0.000000	0.000036	0.000036	0.000000	-2277.385676	142	-2277.386139	0.231058	2.449494e-01,2.439187e-01,1.648142e-08,1.640005e-01,3.471312e-01,4.423126e-08,5.621506e-08,8.869484e-08,2.777374e-08	0.000000	0.850980	0.314949	-2332.772469	18
3	11	1442	1.000000	0.000000	0.000000	0.000000	0.000000	0.000000	0.000000	0.000000	0.000000	0.000008	0.000000	0.000000	0.000004	0.000000	0.000000	0.000008	0.000000	0.000008	0.000008	-0.000000	-2139.102383	82	-2139.102929	0.216354	2.887971e-01,2.080927e-01,5.766868e-08,2.365193e-01,2.665905e-01,2.580512e-08,1.066227e-10,1.246138e-07,2.274330e-07	0.000000	0.599602	0.272645	-2260.223453	22
3	12	1378	0.924153	0.000021	0.075826	0.000000	0.000000	0.000000	0.000000	0.000000	0.000000	0.075836	0.000000	0.000000	0.037918	0.000000	0.000000	0.075826	0.000000	0.075826	0.075836	-0.000000	-2043.550961	86	-1	0.206752	3.003967e-01,1.942008e-01,7.545833e-09,1.688840e-01,3.365181e-01,1.618244e-07,2.244634e-09,1.172512e-07,3.816269e-08	0.000000	0.926830	0.324786	-2127.715655	22
3	13	1646	0.929236	0.000000	0.070764	0.000000	0.000000	0.000000	0.000000	0.000000	0.000000	0.070764	0.000000	0.000000	0.035382	0.000000	0.000000	0.070764	0.000000	0.070764	0.070764	-0.000000	-2377.158535	94	-1	0.246962	2.789453e-01,1.883495e-01,1.833950e-09,1.915183e-01,3.411852e-01,6.700530e-07,9.961087e-07,2.035056e-08,5.572796e-08	0.000003	0.898164	0.321193	-2452.379557	19
3	14	1433	0.938535	0.000006	0.061457	0.000000	0.000001	0.000000	0.000000	0.000000	0.000000	0.061461	0.000000	0.000001	0.030731	0.000000	0.000001	0.061457	0.000000	0.061457	0.061461	0.000000	-2035.367201	90	-1	0.215004	3.144408e-01,1.940093e-01,2.849753e-07,1.816047e-01,3.098961e-01,3.445446e-07,2.562896e-08,3.769066e-07,4.813576e-05	0.000001	0.825037	0.311325	-2131.179104	34
3	15	1416	1.000000	0.000000	0.000000	0.000000	0.000000	0.000000	0.000000	0.000000	0.000000	0.000036	0.000000	0.000001	0.000018	0.000000	0.000000	0.000034	0.000000	0.000034	0.000036	-0.000000	-2007.473758	62	-2007.474177	0.212453	2.914536e-01,2.024306e-01,4.973509e-09,2.103967e-01,2.957191e-01,7.129983e-09,1.242670e-10,6.146000e-09,1.090661e-08	0.000000	0.716326	0.294463	-2107.291716	22
3	16	1471	1.000000	0.000000	0.000000	0.000000	0.000000	0.000000	0.000000	0.000000	0.000000	0.000004	0.000003	0.000003	0.000004	0.000003	0.000003	0.000000	0.000003	0.000003	0.000005	0.000000	-2122.644851	83	-2122.646409	0.220705	2.989540e-01,2.153193e-01,5.683737e-08,2.387575e-01,2.469692e-01,3.006088e-09,2.504958e-10,8.746166e-10,1.306941e-09	0.000000	0.543893	0.260512	-2241.151108	22
3	17	1432	0.997329	0.000000	0.002670	0.000000	0.000000	0.000000	0.000000	0.000000	0.000000	0.002671	0.000000	0.000000	0.001335	0.000000	0.000000	0.002670	0.000000	0.002670	0.002671	0.000000	-2176.108846	142	-1	0.214854	3.071940e-01,2.061686e-01,1.989219e-08,2.075253e-01,2.791119e-01,1.727493e-08,3.664336e-08,1.522608e-08,1.740579e-07	0.000000	0.674682	0.287176	-2248.401174	22
3	18	1539	0.877535	0.000012	0.122452	0.000000	0.000000	0.000000	0.000000	0.000000	0.000000	0.122458	0.000001	0.000001	0.061229	0.000000	0.000000	0.122452	0.000000	0.122452	0.122459	-0.000000	-2221.811001	62	-1	0.230908	2.921556e-01,1.925833e-01,6.350005e-07,1.562833e-01,3.589771e-01,2.122632e-10,4.717316e-10,3.283876e-10,1.080303e-09	0.000002	1.028979	0.336491	-2309.786030	22
3	19	1527	0.922508	0.000000	0.077488	0.000000	0.000000	0.000000	0.000000	0.000001	0.000001	0.077490	0.000003	0.000003	0.038746	0.000002	0.000002	0.077489	0.000001	0.077491	0.077492	-0.000000	-2225.389661	67	-1	0.229107	2.860042e-01,1.972642e-01,5.686086e-08,1.785490e-01,3.381817e-01,1.820805e-09,3.585330e-08,8.145659e-07,3.187538e-08	0.000000	0.899864	0.321411	-2271.457589	19
4	5	1542	1.000000	0.000000	0.000000	0.000000	0.000000	0.000000	0.000000	0.000000	0.000000	0.000001	0.000000	0.000000	0.000001	0.000000	0.000000	0.000001	0.000000	0.000001	0.000001	-0.000000	-2220.339837	82	-2220.339889	0.231358	2.802832e-01,1.908855e-01,7.607747e-08,2.358682e-01,2.929630e-01,2.887326e-09,4.662276e-08,2.937160e-08,1.838837e-09	0.000000	0.686492	0.289295	-2280.658502	22
4	6	1527	0.967563	0.000001	0.032436	0.000000	0.000000	0.000000	0.000000	0.000000	0.000000	0.032436	0.000000	0.000000	0.016218	0.000000	0.000000	0.032436	0.000000	0.032436	0.032436	-0.000000	-2180.499404	62	-1	0.229107	2.884865e-01,1.798332e-01,2.250506e-08,2.361998e-01,2.954798e-01,5.107944e-08,4.481925e-08,2.103967e-07,3.791616e-07	0.000000	0.710231	0.293428	-2222.158239	22
4	7	1544	1.000000	0.000000	0.000000	0.000000	0.000000	0.000000	0.000000	0.000000	0.000000	0.000019	0.000000	0.000000	0.000009	0.000000	0.000000	0.000018	0.000000	0.000018	0.000019	-0.000000	-2279.951974	70	-2279.952696	0.231658	2.730673e-01,1.937052e-01,1.321452e-09,2.617691e-01,2.714584e-01,7.914771e-10,1.756283e-09,3.785358e-09,3.387434e-09	0.000000	0.595991	0.271896	-2346.938623	22
4	8	1645	1.000000	0.000000	0.000000	0.000000	0.000000	0.000000	0.000000	0.000000	0.000000	0.000083	0.000000	0.000000	0.000042	0.000000	0.000000	0.000083	0.000000	0.000083	0.000083	-0.000000	-2375.938408	134	-2375.939216	0.246812	2.531104e-01,2.073085e-01,1.022491e-07,2.094181e-01,3.301625e-01,2.196527e-08,2.894841e-07,6.912620e-08,7.306840e-08	0.000001	0.792275	0.306542	-2452.877232	26
4	9	1376	0.971440	0.000001	0.028559	0.000000	0.000000	0.000000	0.000000	0.000000	0.000000	0.028560	0.000000	0.000000	0.014280	0.000000	0.000000	0.028559	0.000000	0.028559	0.028560	0.000000	-1960.064541	82	-1	0.206452	2.987841e-01,1.772238e-01,7.474840e-08,2.212624e-01,3.027296e-01,3.963344e-08,2.131262e-08,2.571855e-08,3.036699e-08	0.000000	0.759699	0.301540	-2020.879859	22
4	10	1709	0.927565	0.000007	0.072428	0.000000	0.000000	0.000000	0.000000	0.000000	0.000000	0.072431	0.000000	0.000000	0.036216	0.000000	0.000000	0.072428	0.000000	0.072428	0.072431	0.000000	-2599.088927	66	-1	0.256414	2.467700e-01,2.268220e-01,1.048148e-08,1.722887e-01,3.541190e-01,1.616988e-08,1.636024e-07,3.260863e-08,1.170950e-08	0.000000	0.887270	0.319790	-2603.246809	22
4	11	1538	1.000000	0.000000	0.000000	0.000000	0.000000	0.000000	0.000000	0.000000	0.000000	0.000009	0.000000	0.000000	0.000005	0.000000	0.000000	0.000006	0.000000	0.000006	0.000009	0.000000	-2258.270054	62	-2258.271247	0.230758	2.659728e-01,1.962511e-01,2.642043e-06,2.685868e-01,2.691862e-01,2.177431e-08,2.358773e-07,8.238731e-08,1.194494e-07	0.000011	0.579093	0.268319	-2337.558728	23
4	12	1476	0.921412	0.000002	0.078586	0.000000	0.000000	0.000000	0.000000	0.000000	0.000000	0.078587	0.000000	0.000000	0.039294	0.000000	0.000000	0.078586	0.000000	0.078587	0.078587	0.000000	-2162.239855	70	-1	0.221455	2.801058e-01,1.977013e-01,2.234399e-09,1.827843e-01,3.394086e-01,1.273792e-08,6.627702e-09,3.109909e-08,1.492854e-08	0.000000	0.892040	0.320408	-2211.536950	22
4	13	1688	0.958795	0.000000	0.041205	0.000000	0.000000	0.000000	0.000000	0.000000	0.000000	0.041205	0.000000	0.000000	0.020602	0.000000	0.000000	0.041205	0.000000	0.041205	0.041205	0.000000	-2442.223477	106	-1	0.253263	2.764550e-01,1.861254e-01,3.787299e-07,2.115418e-01,3.258761e-01,2.629027e-09,4.828090e-08,4.352478e-08,1.242256e-06	0.000001	0.819468	0.310529	-2509.531573	19
4	14	1478	1.000000	0.000000	0.000000	0.000000	0.000000	0.000000	0.000000	0.000000	0.000000	0.000724	0.000000	0.000000	0.000362	0.000000	0.000000	0.000724	0.000000	0.000724	0.000724	-0.000000	-2179.514529	162	-2179.515289	0.221755	2.626421e-01,1.828773e-01,2.923418e-09,2.136671e-01,3.408125e-01,2.053771e-07,4.785030e-07,2.952068e-07,6.808239e-09	0.000001	0.859454	0.316102	-2227.951745	26
4	15	1597	0.972482	0.000000	0.027517	0.000000	0.000000	0.000000	0.000000	0.000000	0.000000	0.027517	0.000000	0.000001	0.013759	0.000000	0.000000	0.027517	0.000000	0.027517	0.027517	-0.000000	-2282.261713	94	-1	0.239610	2.546254e-01,1.911702e-01,2.877860e-07,2.146427e-01,3.395607e-01,2.310828e-07,8.148699e-08,3.372197e-07,6.826026e-08	0.000001	0.836740	0.312977	-2321.362185	19
4	16	1633	1.000000	0.000000	0.000000	0.000000	0.000000	0.000000	0.000000	0.000000	0.000000	0.000015	0.000000	0.000000	0.000007	0.000000	0.000000	0.000015	0.000000	0.000015	0.000015	-0.000000	-2296.344554	74	-2296.345046	0.245011	2.707460e-01,1.894386e-01,1.704522e-07,2.327577e-01,3.070574e-01,7.623368e-11,3.574624e-09,1.232792e-07,1.447705e-08	0.000001	0.727285	0.296298	-2409.035351	26
4	17	1507	0.980580	0.000013	0.019407	0.000000	0.000000	0.000000	0.000000	0.000000	0.000000	0.019413	0.000000	0.000000	0.009707	0.000000	0.000000	0.019407	0.000000	0.019407	0.019414	0.000000	-2243.479385	74	-1	0.226107	2.879265e-01,1.887148e-01,6.224378e-10,2.414968e-01,2.818618e-01,7.539369e-09,4.552112e-08,5.329136e-08,5.453729e-10	0.000000	0.655170	0.283582	-2282.027333	22
4	18	1608	0.890720	0.000024	0.109256	0.000000	0.000000	0.000000	0.000000	0.000000	0.000000	0.109268	0.000000	0.000000	0.054634	0.000000	0.000000	0.109256	0.000000	0.109256	0.109268	0.000000	-2291.029269	162	-1	0.241260	2.937316e-01,1.870303e-01,8.146424e-10,1.792602e-01,3.399778e-01,8.769780e-10,3.434550e-10,7.154723e-12,1.517833e-09	0.000000	0.928164	0.324950	-2352.159923	22
4	19	1601	1.000000	0.000000	0.000000	0.000000	0.000000	0.000000	0.000000	0.000000	0.000000	0.000069	0.000000	0.000000	0.000034	0.000000	0.000000	0.000069	0.000000	0.000069	0.000069	-0.000000	-2330.150082	106	-2330.151190	0.240210	2.349825e-01,2.071694e-01,2.976452e-07,2.131425e-01,3.447048e-01,1.418834e-07,1.943585e-07,2.265677e-07,9.580217e-09	0.000001	0.820115	0.310622	-2358.145461	18
5	6	1500	1.000000	0.000000	0.000000	0.000000	0.000000	0.000000	0.000000	0.000000	0.000000	0.000002	0.000000	0.000000	0.000001	0.000000	0.000000	0.000002	0.000000	0.000002	0.000002	0.000000	-2122.867469	74	-2122.867666	0.225056	2.767443e-01,2.297062e-01,7.118089e-09,2.181376e-01,2.754118e-01,1.374274e-08,4.602265e-09,2.978675e-08,1.037207e-08	0.000000	0.614973	0.275779	-2187.825217	22
5	7	1483	0.965380	0.000006	0.034610	0.000002	0.000000	0.000000	0.000000	0.000001	0.000000	0.034613	0.000001	0.000003	0.017307	0.000000	0.000000	0.034611	0.000000	0.034611	0.034615	-0.000001	-2224.543287	98	-1	0.222506	3.222907e-01,1.925426e-01,1.778762e-07,1.949023e-01,2.902638e-01,9.458881e-08,1.725266e-07,8.500847e-10,2.837017e-07	0.000001	0.749174	0.299867	-2332.016142	30
5	8	1400	1.000000	0.000000	0.000000	0.000000	0.000000	0.000000	0.000000	0.000000	0.000000	0.000099	0.000000	0.000000	0.000050	0.000000	0.000000	0.000099	0.000000	0.000099	0.000099	-0.000000	-2051.476118	138	-2051.476703	0.210053	2.783189e-01,2.110674e-01,2.224624e-08,1.778378e-01,3.327755e-01,3.581069e-09,3.014388e-07,4.520127e-08,1.227076e-07	0.000001	0.855672	0.315589	-2138.862913	26
5	9	1289	0.915384	0.000004	0.084612	0.000000	0.000000	0.000000	0.000000	0.000000	0.000000	0.084614	0.000000	0.000000	0.042307	0.000000	0.000000	0.084612	0.000000	0.084612	0.084614	0.000000	-1912.483227	90	-1	0.193398	3.070895e-01,1.973635e-01,6.243355e-09,1.743698e-01,3.182553e-01,1.326319e-10,2.866102e-09,9.959291e-09,2.921875e-03	0.000000	0.856139	0.315653	-2001.651490	22
5	10	1612	0.942679	0.000002	0.057320	0.000000	0.000000	0.000000	0.000000	0.000000	0.000000	0.057321	0.000000	0.000000	0.028660	0.000000	0.000000	0.057320	0.000000	0.057320	0.057321	-0.000000	-2407.727652	110	-1	0.241860	2.635536e-01,2.431251e-01,1.510845e-07,1.468334e-01,3.464838e-01,3.277986e-09,2.723614e-06,1.245023e-06,7.070514e-09	0.000008	0.888505	0.319946	-2455.041417	23
5	11	1535	0.995543	0.000004	0.004453	0.000000	0.000000	0.000000	0.000000	0.000000	0.000000	0.004455	0.000000	0.000000	0.002228	0.000000	0.000000	0.004453	0.000000	0.004453	0.004455	-0.000000	-2254.230685	66	-1	0.230308	3.180193e-01,1.829451e-01,1.387597e-07,2.183755e-01,2.806569e-01,5.110840e-11,3.022809e-06,4.461654e-12,9.743481e-10	0.000011	0.699328	0.291544	-2370.317975	27
5	12	1425	1.000000	0.000000	0.000000	0.000000	0.000000	0.000000	0.000000	0.000000	0.000000	0.000034	0.000001	0.000001	0.000017	0.000001	0.000001	0.000033	0.000001	0.000033	0.000034	-0.000000	-2065.951835	86	-2065.952975	0.213803	2.801970e-01,2.141962e-01,5.882249e-09,2.041236e-01,3.014831e-01,5.847876e-09,1.303681e-09,1.709687e-09,9.073341e-08	0.000000	0.720700	0.295199	-2160.611363	22
5	13	1540	1.000000	0.000000	0.000000	0.000000	0.000000	0.000000	0.000000	0.000000	0.000000	0.000018	0.000000	0.000000	0.000009	0.000000	0.000000	0.000018	0.000000	0.000018	0.000018	0.000000	-2311.172034	98	-2311.172709	0.231058	2.764357e-01,2.264622e-01,4.709236e-09,2.034584e-01,2.936422e-01,8.037836e-11,1.405531e-06,8.023094e-08,9.848749e-09	0.000005	0.683013	0.288673	-2392.491903	26
5	14	1421	1.000000	0.000000	0.000000	0.000000	0.000000	0.000000	0.000000	0.000000	0.000000	0.000035	0.000001	0.000001	0.000018	0.000001	0.000001	0.000034	0.000001	0.000035	0.000035	-0.000000	-2015.697092	78	-2015.698030	0.213203	2.875810e-01,1.926712e-01,1.702991e-09,2.088776e-01,3.108699e-01,9.819445e-11,2.393689e-12,2.627795e-07,2.177571e-08	0.000000	0.774176	0.303795	-2110.479965	30
5	15	1457	1.000000	0.000000	0.000000	0.000000	0.000000	0.000000	0.000000	0.000000	0.000000	0.000731	0.000000	0.000000	0.000365	0.000000	0.000000	0.000731	0.000000	0.000731	0.000731	0.000000	-2086.046620	154	-2086.047384	0.218605	2.999017e-01,2.273944e-01,1.859039e-08,1.773622e-01,2.953403e-01,4.896450e-07,4.757430e-07,4.073091e-07,7.575103e-08	0.000002	0.729671	0.296693	-2173.303063	18
5	16	1616	1.000000	0.000000	0.000000	0.000000	0.000000	0.000000	0.000000	0.000000	0.000000	0.000058	0.000000	0.000000	0.000029	0.000000	0.000000	0.000058	0.000000	0.000058	0.000058	-0.000000	-2354.527562	138	-2354.527906	0.242461	2.926183e-01,2.027331e-01,7.562893e-09,2.079252e-01,2.967233e-01,2.197474e-08,3.375679e-08,1.042692e-08,8.953170e-09	0.000000	0.722555	0.295510	-2479.863733	26
5	17	1473	0.985079	0.000019	0.014902	0.000000	0.000000	0.000000	0.000000	0.000000	0.000000	0.014911	0.000000	0.000000	0.007456	0.000000	0.000000	0.014902	0.000000	0.014902	0.014911	-0.000000	-2161.304151	102	-1	0.221005	3.210468e-01,1.866358e-01,2.233197e-06,2.037513e-01,2.885610e-01,6.410269e-07,1.335901e-06,4.405208e-07,5.009745e-07	0.000012	0.739157	0.298244	-2272.833084	23
5	18	1517	1.000000	0.000000	0.000000	0.000000	0.000000	0.000000	0.000000	0.000000	0.000000	0.000009	0.000000	0.000000	0.000005	0.000000	0.000000	0.000009	0.000000	0.000009	0.000009	0.000000	-2136.226322	90	-2136.226949	0.227607	2.757628e-01,2.227552e-01,1.200059e-07,1.957933e-01,3.056886e-01,5.810106e-09,1.293517e-08,3.690201e-08,1.242608e-09	0.000000	0.730354	0.296806	-2261.616164	26
5	19	1505	0.981831	0.000000	0.018167	0.000000	0.000000	0.000002	0.000000	0.000000	0.000000	0.018168	0.000002	0.000000	0.009084	0.000000	0.000000	0.018167	0.000000	0.018168	0.018169	0.000001	-2221.058636	122	-1	0.225806	2.777617e-01,2.159678e-01,4.822359e-07,1.848836e-01,3.213826e-01,4.185850e-09,2.470304e-06,1.279593e-06,1.890385e-09	0.000009	0.801741	0.307945	-2301.028298	23
6	7	1479	0.962434	0.000000	0.037565	0.000001	0.000000	0.000000	0.000000	0.000000	0.000000	0.037565	0.000001	0.000001	0.018783	0.000000	0.000000	0.037565	0.000000	0.037565	0.037566	-0.000000	-2118.511471	78	-1	0.221905	3.063137e-01,2.118489e-01,1.186741e-07,2.000376e-01,2.817991e-01,6.502617e-08,6.258149e-10,1.286326e-08,5.547014e-07	0.000000	0.684166	0.288881	-2211.117533	22
6	8	1473	0.934089	0.000001	0.065910	0.000000	0.000000	0.000000	0.000000	0.000000	0.000000	0.065911	0.000000	0.000000	0.032955	0.000000	0.000000	0.065910	0.000000	0.065910	0.065911	-0.000000	-2063.719750	74	-1	0.221005	2.806380e-01,2.137809e-01,5.860732e-09,1.821515e-01,3.234292e-01,3.083096e-08,2.674535e-09,3.123763e-07,9.129457e-08	0.000000	0.816879	0.310157	-2127.903196	22
6	9	1296	0.919008	0.000040	0.080952	0.000000	0.000000	0.000000	0.000000	0.000000	0.000000	0.080972	0.000000	0.000000	0.040486	0.000000	0.000000	0.080952	0.000000	0.080952	0.080972	0.000000	-1861.210142	475	-1	0.194449	3.072598e-01,1.961656e-01,8.659307e-08,1.930605e-01,3.035139e-01,7.486793e-08,6.872357e-09,2.737943e-10,8.023601e-08	0.000000	0.779788	0.304655	-1921.859144	22
6	10	1560	0.975823	0.000000	0.024177	0.000000	0.000000	0.000000	0.000000	0.000000	0.000000	0.024177	0.000000	0.000000	0.012088	0.000000	0.000000	0.024177	0.000000	0.024177	0.024177	-0.000000	-2314.500889	118	-1	0.234059	2.355386e-01,2.568637e-01,6.338065e-09,1.613431e-01,3.462540e-01,1.159959e-08,1.679182e-07,3.869062e-07,3.764635e-10	0.000001	0.827948	0.311739	-2320.880843	22
6	11	1554	0.979483	0.000000	0.020516	0.000000	0.000000	0.000000	0.000000	0.000001	0.000000	0.020516	0.000001	0.000001	0.010258	0.000000	0.000000	0.020517	0.000000	0.020517	0.020517	-0.000000	-2185.255407	143	-1	0.233158	3.328144e-01,1.822251e-01,2.061779e-10,2.109024e-01,2.740580e-01,6.978835e-08,2.184942e-08,2.195994e-08,4.956922e-09	0.000000	0.697122	0.291166	-2283.664765	26
6	12	1516	0.967136	0.000004	0.032860	0.000000	0.000000	0.000000	0.000000	0.000000	0.000000	0.032862	0.000000	0.000000	0.016431	0.000000	0.000000	0.032860	0.000000	0.032860	0.032862	0.000000	-2114.079562	82	-1	0.227457	2.845486e-01,2.172720e-01,1.338771e-11,2.060100e-01,2.921683e-01,6.249933e-07,1.025943e-08,1.968186e-07,3.248994e-07	0.000000	0.690244	0.289959	-2192.456935	22
6	13	1672	0.978461	0.000000	0.021537	0.000000	0.000000	0.000001	0.000000	0.000000	0.000000	0.021538	0.000001	0.000000	0.010769	0.000000	0.000000	0.021537	0.000000	0.021538	0.021538	0.000001	-2316.947794	106	-1	0.250863	2.938631e-01,2.143602e-01,5.208257e-09,1.973013e-01,2.944753e-01,2.040984e-11,5.179338e-09,1.409259e-08,9.838467e-08	0.000000	0.715333	0.294295	-2383.618602	22
6	14	1525	1.000000	0.000000	0.000000	0.000000	0.000000	0.000000	0.000000	0.000000	0.000000	0.000008	0.000002	0.000001	0.000004	0.000000	0.000000	0.000007	0.000000	0.000007	0.000009	0.000000	-2144.824886	82	-2144.826004	0.228807	2.721858e-01,2.414705e-01,1.214321e-07,2.227755e-01,2.635672e-01,2.448252e-07,8.261255e-09,4.202420e-07,2.177175e-07	0.000000	0.567731	0.265858	-2245.049908	30
6	15	1460	0.995513	0.000000	0.004487	0.000000	0.000000	0.000000	0.000000	0.000000	0.000000	0.004487	0.000000	0.000000	0.002243	0.000000	0.000000	0.004487	0.000000	0.004487	0.004487	-0.000000	-2045.274626	158	-1	0.219055	2.820417e-01,2.080965e-01,3.085529e-09,2.103912e-01,2.994703e-01,3.627837e-09,1.047076e-07,2.311709e-07,3.601739e-09	0.000000	0.715601	0.294340	-2117.367681	22
6	16	1565	0.961235	0.000000	0.038765	0.000000	0.000000	0.000000	0.000000	0.000000	0.000000	0.038765	0.000000	0.000000	0.019382	0.000000	0.000000	0.038765	0.000000	0.038765	0.038765	0.000000	-2162.598942	86	-1	0.234809	3.252501e-01,1.684080e-01,4.382627e-10,2.245729e-01,2.817687e-01,9.196491e-09,1.900395e-08,9.981850e-08,3.714527e-09	0.000000	0.717003	0.294577	-2245.741444	26
6	17	1488	1.000000	0.000000	0.000000	0.000000	0.000000	0.000000	0.000000	0.000000	0.000000	0.000003	0.000003	0.000003	0.000003	0.000003	0.000003	0.000000	0.000003	0.000003	0.000003	0.000000	-2177.543468	71	-2177.544667	0.223256	2.908820e-01,2.214560e-01,3.319162e-06,2.251286e-01,2.625295e-01,6.477271e-08,2.041163e-07,9.331829e-08,1.431365e-07	0.000013	0.587856	0.270184	-2243.752337	27
6	18	1509	1.000000	0.000000	0.000000	0.000000	0.000000	0.000000	0.000000	0.000000	0.000000	0.000145	0.000001	0.000001	0.000073	0.000001	0.000001	0.000143	0.000001	0.000144	0.000145	-0.000000	-2111.314798	114	-2111.315956	0.226407	2.866820e-01,2.212922e-01,6.587202e-10,1.875551e-01,3.044673e-01,1.070961e-09,1.191901e-06,7.956109e-07,1.317809e-06	0.000004	0.744693	0.299145	-2189.896265	19
6	19	1515	1.000000	0.000000	0.000000	0.000000	0.000000	0.000000	0.000000	0.000000	0.000000	0.000004	0.000003	0.000003	0.000003	0.000001	0.000001	0.000004	0.000001	0.000006	0.000006	-0.000000	-2160.872583	79	-2160.874406	0.227307	2.467229e-01,2.606160e-01,4.352863e-07,2.192246e-01,2.734337e-01,2.920952e-07,2.978043e-07,5.593706e-07,1.234164e-06	0.000003	0.569841	0.266319	-2222.129145	26
7	8	1577	0.922398	0.000000	0.077598	0.000002	0.000001	0.000000	0.000000	0.000000	0.000000	0.077599	0.000000	0.000003	0.038800	0.000000	0.000000	0.077599	0.000000	0.077599	0.077601	-0.000001	-2341.096825	86	-1	0.236609	2.953384e-01,2.201512e-01,1.584056e-07,1.608380e-01,3.236713e-01,3.526150e-08,8.128088e-07,1.523142e-08,1.712854e-07	0.000003	0.849553	0.314752	-2441.585486	22
7	9	1281	0.930416	0.000000	0.069583	0.000000	0.000000	0.000000	0.000000	0.000001	0.000000	0.069583	0.000001	0.000001	0.034791	0.000000	0.000000	0.069584	0.000000	0.069584	0.069584	-0.000000	-1900.825367	86	-1	0.192198	3.160103e-01,2.105732e-01,3.862008e-09,1.770585e-01,2.963580e-01,1.089992e-08,2.122320e-09,3.470107e-09,2.592368e-09	0.000000	0.764535	0.302299	-1958.737262	22
7	10	1681	1.000000	0.000000	0.000000	0.000000	0.000000	0.000000	0.000000	0.000000	0.000000	0.000007	0.000000	0.000000	0.000003	0.000000	0.000000	0.000007	0.000000	0.000007	0.000007	-0.000000	-2524.714622	98	-2524.714857	0.252213	2.604593e-01,2.901365e-01,2.723561e-08,1.601794e-01,2.892246e-01,2.611166e-08,4.852581e-08,3.208329e-08,2.943354e-09	0.000000	0.642270	0.281137	-2551.151890	22
7	11	1547	1.000000	0.000000	0.000000	0.000000	0.000000	0.000000	0.000000	0.000000	0.000000	0.000012	0.000001	0.000001	0.000006	0.000000	0.000000	0.000002	0.000000	0.000002	0.000013	0.000000	-2237.859032	127	-2237.860352	0.232108	3.118130e-01,2.319953e-01,8.788629e-08,2.089474e-01,2.472429e-01,1.103823e-07,8.321245e-09,1.537883e-07,1.051370e-06	0.000000	0.560714	0.264310	-2351.879741	23
7	12	1417	1.000000	0.000000	0.000000	0.000000	0.000000	0.000000	0.000000	0.000000	0.000000	0.000222	0.000000	0.000000	0.000111	0.000000	0.000000	0.000222	0.000000	0.000222	0.000222	-0.000000	-2162.354975	134	-2162.355482	0.212603	2.837933e-01,2.338895e-01,2.602818e-07,1.779875e-01,3.043268e-01,8.142987e-10,2.643475e-06,4.837284e-10,8.363782e-09	0.000010	0.738873	0.298199	-2241.567410	26
7	13	1694	0.991210	0.000003	0.008787	0.000000	0.000000	0.000000	0.000000	0.000000	0.000000	0.008789	0.000000	0.000000	0.004394	0.000000	0.000000	0.008787	0.000000	0.008787	0.008789	0.000000	-2559.084529	126	-1	0.254164	2.929297e-01,2.268951e-01,1.321765e-07,1.856542e-01,2.945208e-01,9.688657e-12,3.812824e-08,1.665511e-10,7.395853e-10	0.000001	0.713904	0.294053	-2656.606668	30
7	14	1469	1.000000	0.000000	0.000000	0.000000	0.000000	0.000000	0.000000	0.000000	0.000000	0.000001	0.000000	0.000000	0.000000	0.000000	0.000000	0.000000	0.000000	0.000000	0.000001	0.000000	-2164.723466	90	-2164.723599	0.220405	2.525997e-01,2.615757e-01,4.497064e-07,2.236313e-01,2.621929e-01,5.911672e-10,1.417361e-09,1.628889e-08,1.978290e-09	0.000002	0.540373	0.259701	-2243.514310	30
7	15	1544	0.943654	0.000002	0.056343	0.000000	0.000000	0.000000	0.000000	0.000001	0.000000	0.056344	0.000001	0.000001	0.028172	0.000000	0.000000	0.056344	0.000000	0.056344	0.056345	0.000000	-2290.276438	82	-1	0.231658	3.102471e-01,2.170895e-01,9.371845e-09,1.707310e-01,2.992930e-01,4.621984e-07,2.220892e-07,1.920711e-07,2.638571e-03	0.000001	0.771729	0.303417	-2400.818820	30
7	16	1574	1.000000	0.000000	0.000000	0.000000	0.000000	0.000000	0.000000	0.000000	0.000000	0.000004	0.000000	0.000000	0.000002	0.000000	0.000000	0.000004	0.000000	0.000004	0.000004	-0.000000	-2269.177866	66	-2269.177995	0.236159	3.044963e-01,1.982747e-01,1.069985e-07,2.107001e-01,2.865284e-01,5.031745e-09,9.655246e-08,7.878472e-08,1.589169e-07	0.000001	0.700601	0.291771	-2393.921811	22
7	17	1563	1.000000	0.000000	0.000000	0.000000	0.000000	0.000000	0.000000	0.000000	0.000000	0.000001	0.000000	0.000000	0.000001	0.000000	0.000000	0.000001	0.000000	0.000001	0.000001	-0.000000	-2376.354568	70	-2376.354666	0.234509	2.898030e-01,2.148214e-01,1.221151e-08,2.163806e-01,2.789944e-01,5.139113e-07,2.594630e-08,3.111980e-09,4.711573e-08	0.000000	0.647015	0.282043	-2478.751102	26
7	18	1524	0.950875	0.000006	0.049114	0.000002	0.000000	0.000002	0.000000	0.000000	0.000001	0.049118	0.000003	0.000003	0.024559	0.000001	0.000001	0.049114	0.000001	0.049115	0.049120	0.000000	-2256.180007	63	-1	0.228657	2.877647e-01,2.285492e-01,3.740045e-08,1.698448e-01,3.138412e-01,5.621537e-08,1.589771e-08,7.132851e-09,2.431017e-08	0.000000	0.787766	0.305865	-2326.011317	23
7	19	1545	1.000000	0.000000	0.000000	0.000000	0.000000	0.000000	0.000000	0.000000	0.000000	0.000012	0.000000	0.000000	0.000006	0.000000	0.000000	0.000012	0.000000	0.000012	0.000012	-0.000000	-2329.280187	70	-2329.280630	0.231808	2.511125e-01,2.470926e-01,6.847598e-09,1.977599e-01,3.040342e-01,3.406532e-09,1.886180e-08,7.685598e-07,1.077096e-08	0.000000	0.683448	0.288753	-2386.094628	22
8	9	1362	1.000000	0.000000	0.000000	0.000000	0.000000	0.000000	0.000000	0.000000	0.000000	0.000316	0.000000	0.000000	0.000158	0.000000	0.000000	0.000316	0.000000	0.000316	0.000316	-0.000000	-1966.813081	202	-1966.814013	0.204351	2.811549e-01,1.889773e-01,2.610879e-09,2.270357e-01,3.028317e-01,6.419318e-08,1.770525e-07,2.639623e-07,1.628304e-08	0.000001	0.727937	0.296406	-2032.149279	22
8	10	1656	0.922801	0.000000	0.077197	0.000000	0.000000	0.000001	0.000000	0.000000	0.000000	0.077198	0.000001	0.000000	0.038599	0.000000	0.000000	0.077197	0.000000	0.077197	0.077198	0.000000	-2456.965503	62	-1	0.248462	2.584783e-01,2.089914e-01,4.319128e-09,1.719121e-01,3.606180e-01,3.433361e-09,2.802547e-08,3.844361e-09,2.120903e-08	0.000000	0.946744	0.327198	-2483.089241	19
8	11	1460	0.897434	0.000027	0.102538	0.000000	0.000000	0.000000	0.000000	0.000000	0.000000	0.102552	0.000000	0.000000	0.051276	0.000000	0.000000	0.102538	0.000000	0.102538	0.102552	-0.000000	-2059.582961	70	-1	0.219055	3.201809e-01,1.403242e-01,4.616491e-09,2.110598e-01,3.284345e-01,3.874584e-09,7.670305e-08,2.966413e-07,1.871639e-07	0.000000	0.934687	0.325746	-2148.769895	22
8	12	1461	0.977251	0.000000	0.022749	0.000000	0.000000	0.000000	0.000000	0.000000	0.000000	0.022749	0.000000	0.000000	0.011374	0.000000	0.000000	0.022749	0.000000	0.022749	0.022749	0.000000	-2135.373111	98	-1	0.219205	2.597650e-01,1.883530e-01,4.011372e-09,2.045547e-01,3.473270e-01,2.490909e-08,8.828953e-08,1.284067e-07,7.722307e-08	0.000000	0.883991	0.319363	-2194.291861	22
8	13	1602	0.937224	0.000001	0.062773	0.000001	0.000000	0.000000	0.000000	0.000000	0.000000	0.062774	0.000000	0.000002	0.031387	0.000000	0.000000	0.062774	0.000000	0.062774	0.062775	-0.000001	-2348.248884	78	-1	0.240360	2.845258e-01,1.612243e-01,5.956885e-08,2.062186e-01,3.480311e-01,2.301162e-10,7.648434e-11,3.111666e-10,1.661310e-07	0.000000	0.947170	0.327249	-2408.352326	22
8	14	1478	1.000000	0.000000	0.000000	0.000000	0.000000	0.000000	0.000000	0.000000	0.000000	0.000190	0.000000	0.000000	0.000095	0.000000	0.000000	0.000190	0.000000	0.000190	0.000190	0.000000	-2110.083971	146	-2110.085057	0.221755	2.536807e-01,1.939151e-01,1.296435e-07,2.148445e-01,3.375585e-01,8.554354e-08,1.157650e-07,7.652755e-07,1.294199e-07	0.000001	0.825809	0.311436	-2176.898699	27
8	15	1476	0.976278	0.000000	0.023722	0.000000	0.000000	0.000000	0.000000	0.000000	0.000000	0.023722	0.000000	0.000000	0.011861	0.000000	0.000000	0.023722	0.000000	0.023722	0.023722	0.000000	-2090.091338	106	-1	0.221455	2.754668e-01,1.900314e-01,7.149899e-07,1.983605e-01,3.361406e-01,1.523385e-11,5.349696e-14,8.125798e-15,2.246139e-09	0.000002	0.865466	0.316911	-2170.539334	22
8	16	1633	1.000000	0.000000	0.000000	0.000000	0.000000	0.000000	0.000000	0.000000	0.000000	0.000070	0.000000	0.000000	0.000035	0.000000	0.000000	0.000070	0.000000	0.000070	0.000070	0.000000	-2289.998592	118	-2289.999087	0.245011	3.006256e-01,1.645994e-01,5.274772e-07,2.401074e-01,2.946670e-01,7.973328e-11,2.815668e-08,1.046276e-08,6.538892e-09	0.000002	0.728099	0.296432	-2405.750389	30
8	17	1443	1.000000	0.000000	0.000000	0.000000	0.000000	0.000000	0.000000	0.000000	0.000000	0.000037	0.000000	0.000000	0.000019	0.000000	0.000000	0.000037	0.000000	0.000037	0.000037	0.000000	-2118.970718	90	-2118.971187	0.216504	2.738767e-01,1.932304e-01,5.657597e-07,2.357073e-01,2.971848e-01,7.375456e-08,1.220468e-07,8.382871e-09,5.467935e-08	0.000002	0.692838	0.290415	-2198.969467	26
8	18	1485	0.914998	0.000002	0.085000	0.000000	0.000000	0.000000	0.000000	0.000000	0.000000	0.085001	0.000000	0.000000	0.042500	0.000000	0.000000	0.085000	0.000000	0.085000	0.085001	-0.000000	-2163.887542	54	-1	0.222806	2.679694e-01,1.825166e-01,2.528757e-07,1.853179e-01,3.641958e-01,3.806345e-09,2.035433e-08,2.138165e-08,2.894616e-09	0.000001	0.990107	0.332226	-2231.248975	22
8	19	1562	0.930023	0.000001	0.069976	0.000000	0.000000	0.000000	0.000000	0.000000	0.000000	0.069977	0.000000	0.000000	0.034988	0.000000	0.000000	0.069976	0.000000	0.069976	0.069977	0.000000	-2203.776498	126	-1	0.234359	2.539389e-01,2.018213e-01,8.772959e-07,1.754457e-01,3.687927e-01,2.180072e-07,2.941460e-07,8.846680e-08,1.990068e-08	0.000003	0.977534	0.330797	-2235.013317	19
9	10	1418	0.913376	0.000017	0.086607	0.000000	0.000000	0.000000	0.000000	0.000000	0.000000	0.086615	0.000000	0.000000	0.043308	0.000000	0.000000	0.086607	0.000000	0.086607	0.086615	0.000000	-2128.910186	291	-1	0.212753	2.678929e-01,2.492810e-01,6.506155e-10,1.465707e-01,3.362523e-01,3.093867e-08,7.473480e-07,2.125111e-06,1.907758e-07	0.000002	0.849434	0.314736	-2147.009643	19
9	11	1284	1.000000	0.000000	0.000000	0.000000	0.000000	0.000000	0.000000	0.000000	0.000000	0.000004	0.000000	0.000000	0.000002	0.000000	0.000000	0.000003	0.000000	0.000003	0.000004	0.000000	-1876.038742	74	-1876.038923	0.192648	3.019957e-01,2.155034e-01,2.389061e-07,2.221641e-01,2.603360e-01,2.669072e-07,7.257244e-08,7.096270e-10,2.196924e-07	0.000001	0.594825	0.271652	-1967.154679	22
9	12	1235	0.888554	0.000028	0.111418	0.000000	0.000000	0.000000	0.000000	0.000000	0.000001	0.111433	0.000001	0.000001	0.055717	0.000001	0.000001	0.111418	0.000001	0.111419	0.111433	-0.000000	-1806.603518	75	-1	0.185296	3.106506e-01,2.000185e-01,2.226490e-10,1.585434e-01,3.307861e-01,2.662986e-10,1.330693e-06,2.496183e-10,2.673371e-09	0.000004	0.922532	0.324255	-1862.722976	30
9	13	1365	1.000000	0.000000	0.000000	0.000000	0.000000	0.000000	0.000000	0.000000	0.000000	0.000002	0.000000	0.000000	0.000001	0.000000	0.000000	0.000002	0.000000	0.000002	0.000002	0.000000	-2020.514291	90	-2020.514336	0.204801	2.827464e-01,2.312340e-01,7.069325e-09,2.104158e-01,2.756032e-01,1.712333e-09,6.707501e-09,5.754755e-07,5.105463e-10	0.000000	0.624030	0.277586	-2094.505576	22
9	14	1293	0.907410	0.000029	0.092561	0.000000	0.000000	0.000000	0.000000	0.000000	0.000000	0.092576	0.000000	0.000000	0.046288	0.000000	0.000000	0.092561	0.000000	0.092561	0.092576	0.000000	-1829.318488	66	-1	0.193998	3.204526e-01,1.818600e-01,3.030410e-09,1.856785e-01,3.120088e-01,1.492685e-08,3.866752e-08,9.946789e-08,9.939342e-10	0.000000	0.848914	0.314666	-1909.344408	26
9	15	1293	1.000000	0.000000	0.000000	0.000000	0.000000	0.000000	0.000000	0.000000	0.000000	0.000011	0.000000	0.000000	0.000005	0.000000	0.000000	0.000010	0.000000	0.000010	0.000011	-0.000000	-1823.029447	74	-1823.030197	0.193998	2.668064e-01,2.439174e-01,1.827646e-10,2.244953e-01,2.647808e-01,9.392753e-08,3.075436e-08,1.155394e-09,1.750621e-09	0.000000	0.565272	0.265318	-1900.541278	22
9	16	1345	1.000000	0.000000	0.000000	0.000000	0.000000	0.000000	0.000000	0.000000	0.000000	0.000002	0.000000	0.000000	0.000001	0.000000	0.000000	0.000002	0.000000	0.000002	0.000002	-0.000000	-1907.338548	85	-1907.338579	0.201800	3.267797e-01,2.092458e-01,3.478663e-07,2.012306e-01,2.627419e-01,5.761446e-07,1.190887e-07,9.578572e-07,3.724712e-08	0.000002	0.640087	0.280718	-1998.652639	26
9	17	1416	1.000000	0.000000	0.000000	0.000000	0.000000	0.000000	0.000000	0.000000	0.000000	0.000047	0.000001	0.000001	0.000024	0.000000	0.000000	0.000048	0.000000	0.000048	0.000048	0.000000	-2121.970700	126	-2121.971662	0.212453	2.920762e-01,2.035561e-01,4.198515e-08,2.178855e-01,2.864820e-01,1.280210e-07,5.736211e-11,1.204713e-08,2.491654e-09	0.000000	0.679767	0.288094	-2218.744397	26
9	18	1330	0.938424	0.000003	0.061572	0.000000	0.000000	0.000000	0.000000	0.000000	0.000000	0.061574	0.000000	0.000000	0.030787	0.000000	0.000000	0.061572	0.000000	0.061573	0.061574	0.000000	-1883.201712	58	-1	0.199550	2.988317e-01,2.195300e-01,1.993795e-08,1.651344e-01,3.165034e-01,2.217210e-07,1.093075e-08,9.135625e-08,1.947737e-07	0.000000	0.822803	0.311007	-1950.710579	22
9	19	1365	0.980620	0.000000	0.019380	0.000000	0.000000	0.000000	0.000000	0.000000	0.000000	0.019380	0.000000	0.000000	0.009690	0.000000	0.000000	0.019380	0.000000	0.019380	0.019380	-0.000000	-1936.070816	110	-1	0.204801	2.764166e-01,2.353955e-01,3.741681e-08,1.803584e-01,3.078292e-01,1.138882e-08,6.064573e-09,1.949284e-07,4.321287e-08	0.000000	0.740412	0.298454	-1982.728399	26
10	11	1608	0.966373	0.000001	0.033626	0.000000	0.000000	0.000000	0.000000	0.000000	0.000000	0.033626	0.000000	0.000000	0.016813	0.000000	0.000000	0.033626	0.000000	0.033626	0.033626	0.000000	-2308.568859	102	-1	0.241260	2.904466e-01,1.263920e-01,1.716885e-10,2.635800e-01,3.195786e-01,2.731420e-06,5.951345e-09,1.989925e-08,1.008993e-08	0.000000	0.819485	0.310532	-2351.281173	26
10	12	1542	1.000000	0.000000	0.000000	0.000000	0.000000	0.000000	0.000000	0.000000	0.000000	0.000147	0.000000	0.000000	0.000074	0.000000	0.000000	0.000147	0.000000	0.000147	0.000147	-0.000000	-2340.865572	194	-2340.866450	0.231358	2.344114e-01,1.766074e-01,4.338438e-06,2.511178e-01,3.378582e-01,1.788235e-07,2.242293e-08,1.524006e-09,6.841962e-07	0.000013	0.789887	0.306178	-2368.114864	34
10	13	1816	0.967356	0.000000	0.032644	0.000000	0.000000	0.000000	0.000000	0.000000	0.000000	0.032644	0.000000	0.000000	0.016322	0.000000	0.000000	0.032644	0.000000	0.032644	0.032644	0.000000	-2697.711080	94	-1	0.272468	2.464270e-01,1.597213e-01,1.380442e-07,2.485380e-01,3.453133e-01,9.342627e-09,3.625067e-08,1.355494e-07,8.415878e-08	0.000001	0.845818	0.314239	-2732.235021	22
10	14	1554	0.947172	0.000000	0.052828	0.000000	0.000000	0.000000	0.000000	0.000000	0.000000	0.052828	0.000000	0.000000	0.026414	0.000000	0.000000	0.052828	0.000000	0.052828	0.052828	0.000000	-2248.310312	94	-1	0.233158	2.680864e-01,1.446196e-01,2.886951e-07,2.405126e-01,3.467782e-01,8.565547e-07,4.059536e-07,4.128888e-07,1.214049e-06	0.000002	0.900409	0.321480	-2272.598247	27
10	15	1648	0.845247	0.000019	0.154734	0.000000	0.000000	0.000000	0.000000	0.000000	0.000000	0.154743	0.000000	0.000000	0.077372	0.000000	0.000000	0.154734	0.000000	0.154734	0.154743	-0.000000	-2406.236545	358	-1	0.247262	2.776031e-01,1.465755e-01,5.255404e-08,1.921672e-01,3.836538e-01,9.310904e-09,4.646725e-08,5.635621e-08,2.325858e-07	0.000000	1.132581	0.346868	-2426.003147	18
10	16	1728	0.932827	0.000000	0.067170	0.000000	0.000000	0.000000	0.000002	0.000000	0.000000	0.067172	0.000003	0.000001	0.033586	0.000001	0.000000	0.067170	0.000000	0.067171	0.067173	-0.000000	-2526.998379	66	-1	0.259265	2.837842e-01,1.409500e-01,3.444730e-07,2.261576e-01,3.491074e-01,2.568181e-08,3.691060e-07,1.392794e-08,4.390746e-08	0.000002	0.950966	0.327700	-2569.057937	22
10	17	1651	1.000000	0.000000	0.000000	0.000000	0.000000	0.000000	0.000000	0.000000	0.000000	0.000030	0.000000	0.000000	0.000015	0.000000	0.000000	0.000030	0.000000	0.000030	0.000030	0.000000	-2520.583502	86	-2520.584149	0.247712	2.334846e-01,1.746731e-01,2.178317e-05,2.545409e-01,3.372791e-01,1.217673e-10,2.702402e-07,1.002258e-08,2.773726e-07	0.000065	0.785766	0.305530	-2565.670952	55
10	18	1614	0.904372	0.000000	0.095628	0.000000	0.000000	0.000000	0.000000	0.000000	0.000000	0.095628	0.000000	0.000000	0.047814	0.000000	0.000000	0.095628	0.000000	0.095628	0.095628	-0.000000	-2343.996894	146	-1	0.242161	2.712355e-01,1.499969e-01,2.023383e-08,2.195418e-01,3.592252e-01,1.767615e-07,2.114623e-07,2.144980e-07,5.033016e-09	0.000001	0.972089	0.330173	-2377.616709	18
10	19	1608	0.879027	0.000002	0.120967	0.000000	0.000000	0.000000	0.000000	0.000000	0.000002	0.120971	0.000003	0.000003	0.060487	0.000003	0.000002	0.120967	0.000002	0.120970	0.120971	-0.000000	-2361.941596	59	-1	0.241260	2.439975e-01,1.749299e-01,1.020771e-06,1.826828e-01,3.983882e-01,1.112043e-12,1.103845e-08,1.686870e-07,3.167754e-07	0.000003	1.114018	0.345106	-2353.818925	23
11	12	1409	0.960018	0.000001	0.039981	0.000000	0.000000	0.000000	0.000000	0.000000	0.000000	0.039981	0.000000	0.000000	0.019991	0.000000	0.000000	0.039981	0.000000	0.039981	0.039981	0.000000	-2048.072974	74	-1	0.211403	3.079702e-01,2.356231e-01,1.798078e-13,1.589998e-01,2.974067e-01,4.591624e-13,1.539419e-10,2.143640e-07,7.701857e-11	0.000000	0.753648	0.300582	-2142.080215	30
11	13	1585	0.990224	0.000001	0.009775	0.000000	0.000000	0.000000	0.000000	0.000000	0.000000	0.009776	0.000000	0.000000	0.004888	0.000000	0.000000	0.009775	0.000000	0.009775	0.009776	-0.000000	-2267.929141	98	-1	0.237809	3.098540e-01,2.148171e-01,2.258346e-11,1.755072e-01,2.998214e-01,1.554633e-10,1.524561e-08,2.016872e-08,2.642250e-07	0.000000	0.768134	0.302860	-2369.210913	26
11	14	1462	1.000000	0.000000	0.000000	0.000000	0.000000	0.000000	0.000000	0.000000	0.000000	0.000001	0.000000	0.000000	0.000000	0.000000	0.000000	0.000000	0.000000	0.000000	0.000001	0.000000	-2031.163034	66	-2031.163120	0.219355	2.667803e-01,2.743143e-01,8.172361e-08,2.232752e-01,2.356301e-01,1.014900e-08,2.166314e-08,7.636924e-09,2.624932e-08	0.000000	0.473543	0.243206	-2166.957840	27
11	15	1564	1.000000	0.000000	0.000000	0.000000	0.000000	0.000000	0.000000	0.000000	0.000000	0.000000	0.000000	0.000000	0.000000	0.000000	0.000000	0.000000	0.000000	0.000000	0.000000	-0.000000	-2216.579057	82	-2216.579081	0.234659	2.907763e-01,2.360616e-01,1.303358e-09,1.817220e-01,2.914374e-01,4.813814e-10,2.370318e-06,3.236841e-07,4.804723e-09	0.000008	0.697575	0.291241	-2332.609374	27
11	16	1574	0.954608	0.000001	0.045389	0.000000	0.000000	0.000000	0.000000	0.000000	0.000000	0.045391	0.000001	0.000001	0.022695	0.000000	0.000000	0.045390	0.000000	0.045390	0.045391	-0.000000	-2263.818600	78	-1	0.236159	3.207210e-01,1.964442e-01,2.709630e-08,1.902297e-01,2.926047e-01,8.118477e-08,5.205675e-09,3.215792e-07,3.449984e-11	0.000000	0.756721	0.301070	-2376.238760	22
11	17	1421	1.000000	0.000000	0.000000	0.000000	0.000000	0.000000	0.000000	0.000000	0.000000	0.000025	0.000000	0.000000	0.000013	0.000000	0.000000	0.000025	0.000000	0.000025	0.000025	-0.000000	-2125.501215	78	-2125.502012	0.213203	3.043235e-01,2.211485e-01,3.035282e-07,2.117451e-01,2.627826e-01,2.617756e-08,9.864410e-10,7.620818e-10,6.978042e-10	0.000001	0.607037	0.274171	-2232.104808	26
11	18	1489	0.997691	0.000000	0.002309	0.000000	0.000000	0.000000	0.000000	0.000000	0.000000	0.002309	0.000000	0.000000	0.001154	0.000000	0.000000	0.002309	0.000000	0.002309	0.002309	-0.000000	-2122.966682	194	-1	0.223406	2.930953e-01,2.288446e-01,2.519604e-09,1.910768e-01,2.869719e-01,4.571225e-11,4.696761e-10,1.876238e-10,1.140687e-05	0.000000	0.683394	0.288743	-2217.060378	42
11	19	1519	1.000000	0.000000	0.000000	0.000000	0.000000	0.000000	0.000000	0.000000	0.000000	0.000002	0.000000	0.000000	0.000001	0.000000	0.000000	0.000000	0.000000	0.000000	0.000002	-0.000000	-2209.165532	82	-2209.165659	0.227907	2.820640e-01,2.718371e-01,1.119513e-11,1.775104e-01,2.685881e-01,4.149582e-08,1.285288e-08,3.783404e-07,1.201034e-08	0.000000	0.597728	0.272257	-2300.586667	26
12	13	1534	1.000000	0.000000	0.000000	0.000000	0.000000	0.000000	0.000000	0.000000	0.000000	0.000028	0.000000	0.000000	0.000014	0.000000	0.000000	0.000028	0.000000	0.000028	0.000028	0.000000	-2273.382446	78	-2273.382833	0.230158	2.636679e-01,2.068397e-01,1.380725e-08,2.170210e-01,3.124710e-01,5.483388e-10,3.685266e-07,1.965013e-10,1.431852e-08	0.000001	0.737201	0.297930	-2357.904024	26
12	14	1423	0.957622	0.000000	0.042378	0.000000	0.000000	0.000000	0.000000	0.000000	0.000000	0.042378	0.000000	0.000000	0.021189	0.000000	0.000000	0.042378	0.000000	0.042378	0.042378	0.000000	-2081.997266	102	-1	0.213503	2.826416e-01,1.887257e-01,9.389738e-07,2.017175e-01,3.262961e-01,1.137681e-07,2.233556e-07,8.592680e-07,6.169172e-04	0.000004	0.835702	0.312831	-2177.290967	23
12	15	1453	1.000000	0.000000	0.000000	0.000000	0.000000	0.000000	0.000000	0.000000	0.000000	0.000006	0.000000	0.000000	0.000003	0.000000	0.000000	0.000006	0.000000	0.000006	0.000006	-0.000000	-2094.152297	86	-2094.152468	0.218005	2.498529e-01,2.056772e-01,3.321592e-07,2.259258e-01,3.185434e-01,2.179302e-09,1.070448e-07,2.591008e-07,2.464335e-11	0.000001	0.738046	0.298068	-2171.051166	22
12	16	1530	1.000000	0.000000	0.000000	0.000000	0.000000	0.000000	0.000000	0.000000	0.000000	0.000012	0.000000	0.000000	0.000006	0.000000	0.000000	0.000012	0.000000	0.000012	0.000012	-0.000000	-2147.847605	114	-2147.847855	0.229557	3.018840e-01,1.974118e-01,1.250255e-07,2.282338e-01,2.724687e-01,2.469130e-07,2.102559e-07,2.772472e-07,9.008596e-07	0.000001	0.640129	0.280726	-2249.558749	19
12	17	1437	1.000000	0.000000	0.000000	0.000000	0.000000	0.000000	0.000000	0.000000	0.000000	0.000012	0.000000	0.000000	0.000006	0.000000	0.000000	0.000012	0.000000	0.000012	0.000012	0.000000	-2165.894802	106	-2165.895181	0.215604	2.727885e-01,2.021325e-01,1.698612e-07,2.379346e-01,2.871442e-01,2.309374e-09,7.200907e-09,9.738668e-09,1.869465e-08	0.000001	0.652501	0.283080	-2252.726740	22
12	18	1473	0.909731	0.000002	0.090263	0.000000	0.000000	0.000000	0.000000	0.000000	0.000003	0.090267	0.000003	0.000003	0.045135	0.000003	0.000003	0.090263	0.000003	0.090267	0.090268	-0.000000	-2121.538853	71	-1	0.221005	2.904798e-01,1.917940e-01,8.460703e-08,1.794184e-01,3.383075e-01,2.837885e-09,1.248241e-07,8.099352e-08,2.094034e-08	0.000001	0.911357	0.322865	-2195.538195	22
12	19	1370	1.000000	0.000000	0.000000	0.000000	0.000000	0.000000	0.000000	0.000000	0.000000	0.000034	0.000000	0.000000	0.000017	0.000000	0.000000	0.000034	0.000000	0.000034	0.000034	-0.000000	-1939.000229	142	-1939.000565	0.205551	2.550962e-01,2.057766e-01,1.228539e-07,2.167441e-01,3.223826e-01,1.357761e-07,1.590432e-08,5.527516e-08,2.048679e-07	0.000000	0.762998	0.302058	-1994.856929	18
13	14	1474	0.990770	0.000000	0.009229	0.000000	0.000000	0.000000	0.000000	0.000000	0.000000	0.009230	0.000000	0.000000	0.004615	0.000000	0.000000	0.009229	0.000000	0.009230	0.009230	0.000000	-2006.697109	174	-1	0.221155	2.844286e-01,2.064615e-01,1.623319e-06,2.020267e-01,3.070286e-01,1.141038e-07,4.002614e-07,2.845788e-07,5.227062e-05	0.000007	0.751618	0.300255	-2138.140973	42
13	15	1581	1.000000	0.000000	0.000000	0.000000	0.000000	0.000000	0.000000	0.000000	0.000000	0.000009	0.000000	0.000000	0.000005	0.000000	0.000000	0.000009	0.000000	0.000009	0.000009	-0.000000	-2238.031680	82	-2238.032177	0.237209	2.605107e-01,2.305683e-01,1.076420e-06,2.068751e-01,3.020444e-01,6.874165e-08,7.616402e-08,2.183337e-07,5.161888e-08	0.000004	0.690474	0.289998	-2346.601570	26
13	16	1588	1.000000	0.000000	0.000000	0.000000	0.000000	0.000000	0.000000	0.000000	0.000000	0.000035	0.000000	0.000000	0.000018	0.000000	0.000000	0.000034	0.000000	0.000034	0.000035	-0.000000	-2204.046244	82	-2204.046910	0.238260	3.140779e-01,2.010853e-01,9.793670e-10,2.113988e-01,2.734380e-01,2.582774e-10,3.471298e-09,5.562578e-10,2.199128e-11	0.000000	0.662905	0.285021	-2310.337995	22
13	17	1633	0.951356	0.000001	0.048643	0.000000	0.000000	0.000000	0.000000	0.000000	0.000000	0.048643	0.000000	0.000000	0.024322	0.000000	0.000000	0.048643	0.000000	0.048643	0.048643	0.000000	-2431.316375	70	-1	0.245011	2.964467e-01,1.948624e-01,1.021713e-07,2.040851e-01,3.046051e-01,5.843661e-07,5.615370e-08,2.087007e-08,2.851097e-09	0.000001	0.763520	0.302140	-2517.862296	22
13	18	1653	0.851214	0.000001	0.148782	0.000000	0.000000	0.000000	0.000000	0.000002	0.000001	0.148784	0.000003	0.000003	0.074393	0.000001	0.000001	0.148784	0.000001	0.148785	0.148786	-0.000000	-2394.282384	63	-1	0.248012	3.048455e-01,1.763651e-01,3.704561e-07,1.559541e-01,3.628348e-01,3.110555e-08,7.171645e-09,1.830169e-10,1.000642e-07	0.000001	1.091825	0.342947	-2445.008557	18
13	19	1660	0.998464	0.000000	0.001536	0.000000	0.000000	0.000000	0.000000	0.000000	0.000000	0.001536	0.000000	0.000000	0.000768	0.000000	0.000000	0.001536	0.000000	0.001536	0.001536	0.000000	-2331.121122	174	-1	0.249062	2.678316e-01,2.214224e-01,1.547282e-09,1.939630e-01,3.167829e-01,4.165353e-09,7.359307e-10,2.635071e-09,8.564696e-08	0.000000	0.762624	0.302000	-2408.617308	22
14	15	1514	0.906953	0.000039	0.093008	0.000000	0.000000	0.000000	0.000000	0.000000	0.000000	0.093027	0.000000	0.000000	0.046514	0.000000	0.000000	0.093008	0.000000	0.093008	0.093027	0.000000	-2176.515469	462	-1	0.227157	2.871301e-01,1.952463e-01,7.591292e-08,1.824726e-01,3.351508e-01,6.971405e-08,1.935452e-09,1.236285e-08,1.263189e-08	0.000000	0.887302	0.319794	-2241.423651	26
14	16	1619	1.000000	0.000000	0.000000	0.000000	0.000000	0.000000	0.000000	0.000000	0.000000	0.000101	0.000001	0.000001	0.000051	0.000001	0.000001	0.000101	0.000001	0.000101	0.000101	-0.000000	-2239.437002	106	-2239.438095	0.242911	3.176119e-01,1.958906e-01,8.211869e-09,2.114434e-01,2.750532e-01,5.659735e-09,7.230698e-07,1.942225e-07,2.196120e-09	0.000003	0.675251	0.287278	-2361.776166	26
14	17	1512	1.000000	0.000000	0.000000	0.000000	0.000000	0.000000	0.000000	0.000000	0.000000	0.000005	0.000000	0.000000	0.000002	0.000000	0.000000	0.000000	0.000000	0.000000	0.000005	0.000000	-2209.535144	114	-2209.535986	0.226857	2.678109e-01,2.282798e-01,2.095919e-07,2.593030e-01,2.446053e-01,4.149722e-07,8.796561e-09,2.768247e-07,5.597376e-10	0.000001	0.501668	0.250416	-2306.542698	30
14	18	1441	0.937435	0.000000	0.062565	0.000000	0.000000	0.000000	0.000000	0.000000	0.000000	0.062565	0.000000	0.000000	0.031282	0.000000	0.000000	0.062565	0.000000	0.062565	0.062565	-0.000000	-1938.993387	78	-1	0.216204	3.035716e-01,2.067486e-01,2.663082e-08,1.690437e-01,3.206356e-01,4.370813e-08,4.368248e-07,1.683602e-10,3.617962e-09	0.000001	0.853224	0.315255	-2028.212966	26
14	19	1533	0.911633	0.000034	0.088332	0.000000	0.000000	0.000000	0.000000	0.000000	0.000000	0.088350	0.000000	0.000001	0.044175	0.000000	0.000000	0.088332	0.000000	0.088333	0.088350	-0.000000	-2152.385009	78	-1	0.230008	2.696379e-01,1.959863e-01,2.578716e-08,1.678591e-01,3.665165e-01,1.539119e-08,3.650715e-08,4.073898e-09,9.538516e-08	0.000000	1.007341	0.334145	-2220.097712	22
15	16	1587	0.874698	0.000004	0.125298	0.000000	0.000000	0.000000	0.000000	0.000000	0.000000	0.125300	0.000000	0.000000	0.062650	0.000000	0.000000	0.125298	0.000000	0.125298	0.125300	-0.000000	-2262.317898	66	-1	0.238110	3.122259e-01,1.507139e-01,2.871767e-09,1.888066e-01,3.482535e-01,1.691133e-09,1.340186e-08,1.460806e-09,3.494695e-09	0.000000	1.025721	0.336143	-2372.558146	26
15	17	1515	0.966928	0.000000	0.033072	0.000000	0.000000	0.000000	0.000000	0.000000	0.000000	0.033072	0.000000	0.000000	0.016536	0.000000	0.000000	0.033072	0.000000	0.033072	0.033072	-0.000000	-2232.680385	90	-1	0.227307	2.883889e-01,1.789317e-01,1.933423e-07,2.161257e-01,3.162595e-01,6.542885e-09,1.325411e-08,2.560307e-08,2.939598e-04	0.000001	0.800540	0.307772	-2326.147264	35
15	18	1455	0.921111	0.000025	0.078864	0.000000	0.000000	0.000000	0.000000	0.000000	0.000000	0.078877	0.000000	0.000000	0.039438	0.000000	0.000000	0.078864	0.000000	0.078864	0.078877	0.000000	-2018.986135	71	-1	0.218305	2.946688e-01,1.768470e-01,1.140540e-07,1.936089e-01,3.348740e-01,5.856628e-07,3.955640e-07,2.433484e-08,2.288578e-07	0.000002	0.903948	0.321930	-2094.766721	18
15	19	1527	0.878607	0.000013	0.121380	0.000000	0.000000	0.000000	0.000000	0.000000	0.000000	0.121386	0.000000	0.000000	0.060693	0.000000	0.000000	0.121380	0.000000	0.121380	0.121387	-0.000000	-2099.777407	54	-1	0.229107	3.105632e-01,1.916353e-01,1.147607e-07,1.612352e-01,3.365643e-01,1.396260e-07,1.620974e-06,7.169940e-09,4.572170e-09	0.000005	0.953785	0.328032	-2175.643395	19
16	17	1598	1.000000	0.000000	0.000000	0.000000	0.000000	0.000000	0.000000	0.000000	0.000000	0.000001	0.000000	0.000000	0.000001	0.000000	0.000000	0.000001	0.000000	0.000001	0.000001	0.000000	-2339.206207	70	-2339.206256	0.239760	3.055230e-01,2.223295e-01,1.937854e-07,2.074543e-01,2.646926e-01,1.588626e-07,3.673721e-07,8.592404e-09,4.993122e-09	0.000002	0.615873	0.275959	-2448.447536	26
16	18	1599	0.973320	0.000008	0.026672	0.000000	0.000000	0.000000	0.000000	0.000000	0.000000	0.026676	0.000000	0.000000	0.013338	0.000000	0.000000	0.026672	0.000000	0.026672	0.026676	0.000000	-2246.228366	82	-1	0.239910	3.017763e-01,2.158589e-01,5.941399e-09,1.660874e-01,3.162773e-01,1.377552e-08,5.938989e-08,1.851125e-08,5.750948e-09	0.000000	0.828067	0.311756	-2346.797804	26
16	19	1533	1.000000	0.000000	0.000000	0.000000	0.000000	0.000000	0.000000	0.000000	0.000000	0.000008	0.000000	0.000000	0.000004	0.000000	0.000000	0.000007	0.000000	0.000007	0.000008	-0.000000	-2138.890961	86	-2138.891616	0.230008	2.820424e-01,2.656044e-01,8.907781e-10,1.925098e-01,2.598431e-01,3.158194e-09,2.072736e-07,1.080866e-11,1.370991e-08	0.000001	0.567201	0.265742	-2222.974941	26
17	18	1550	1.000000	0.000000	0.000000	0.000000	0.000000	0.000000	0.000000	0.000000	0.000000	0.000005	0.000000	0.000000	0.000003	0.000000	0.000000	0.000005	0.000000	0.000005	0.000006	-0.000000	-2296.650322	94	-2296.650470	0.232558	2.750987e-01,2.229501e-01,4.975552e-08,1.886970e-01,3.132535e-01,4.952768e-07,6.973013e-08,1.145594e-07,7.323227e-09	0.000000	0.760974	0.301740	-2379.788653	23
17	19	1515	0.967227	0.000002	0.032770	0.000000	0.000000	0.000000	0.000000	0.000000	0.000000	0.032771	0.000000	0.000000	0.016386	0.000000	0.000000	0.032770	0.000000	0.032770	0.032771	-0.000000	-2223.403133	86	-1	0.227307	2.818134e-01,2.118635e-01,2.094019e-08,1.974998e-01,3.088231e-01,6.298220e-09,9.532733e-09,3.475578e-08,1.317660e-07	0.000000	0.754398	0.300701	-2272.315965	23
18	19	1562	0.920400	0.000024	0.079576	0.000000	0.000000	0.000000	0.000000	0.000000	0.000000	0.079588	0.000000	0.000000	0.039794	0.000000	0.000000	0.079576	0.000000	0.079576	0.079588	0.000000	-2181.290066	314	-1	0.234359	2.716506e-01,1.870285e-01,1.389356e-08,1.807832e-01,3.605376e-01,9.247071e-10,1.522344e-08,4.732838e-09,1.454723e-09	0.000000	0.980223	0.331106	-2244.154105	26
