a	b	nSites	J9	J8	J7	J6	J5	J4	J3	J2	J1	rab	Fa	Fb	theta	inbred_relatedness_1_2	inbred_relatedness_2_1	fraternity	identity	zygosity	2of3_IDB	FDiff	loglh	nIter	bestoptimll	coverage	2dsfs	R0	R1	KING	2dsfs_loglike	2dsfsf_niter
0	1	1514	0.981183	0.000000	0.018817	0.000000	0.000000	0.000000	0.000000	0.000000	0.000000	0.018817	0.000000	0.000000	0.009408	0.000000	0.000000	0.018817	0.000000	0.018817	0.018817	-0.000000	-2107.015937	106	-1	0.227157	2.860851e-01,2.230384e-01,1.369854e-07,1.876724e-01,3.032017e-01,7.743759e-07,4.586512e-07,2.940261e-07,8.184599e-07	0.000002	0.738234	0.298099	-2184.560931	23
0	2	1356	1.000000	0.000000	0.000000	0.000000	0.000000	0.000000	0.000000	0.000000	0.000000	0.000515	0.000000	0.000000	0.000258	0.000000	0.000000	0.000515	0.000000	0.000515	0.000515	-0.000000	-1869.893320	174	-1869.893770	0.203451	2.993411e-01,1.916331e-01,9.962264e-10,2.097702e-01,2.992548e-01,1.446600e-11,8.286357e-10,7.961703e-07,1.885613e-08	0.000000	0.745520	0.299281	-1939.517655	22
0	3	1468	0.958349	0.000002	0.041646	0.000000	0.000000	0.000000	0.000000	0.000000	0.000003	0.041650	0.000004	0.000004	0.020827	0.000003	0.000003	0.041646	0.000003	0.041649	0.041650	0.000000	-2096.089588	71	-1	0.220255	2.993475e-01,1.899743e-01,1.613632e-08,2.022142e-01,3.084637e-01,3.502536e-10,1.748663e-09,2.388485e-08,2.108794e-07	0.000000	0.786519	0.305677	-2173.439391	22
0	4	1477	0.890399	0.000003	0.109598	0.000000	0.000000	0.000000	0.000000	0.000000	0.000000	0.109600	0.000000	0.000000	0.054800	0.000000	0.000000	0.109598	0.000000	0.109598	0.109600	-0.000000	-2138.271015	94	-1	0.221605	2.836430e-01,1.905625e-01,2.904122e-09,1.820184e-01,3.437761e-01,3.876574e-10,1.503326e-08,2.036606e-09,4.852232e-08	0.000000	0.922688	0.324276	-2165.703918	22
0	5	1444	1.000000	0.000000	0.000000	0.000000	0.000000	0.000000	0.000000	0.000000	0.000000	0.000001	0.000000	0.000000	0.000000	0.000000	0.000000	0.000000	0.000000	0.000000	0.000001	0.000000	-2048.925626	78	-2048.925750	0.216654	2.645950e-01,2.359098e-01,5.897290e-08,2.578292e-01,2.416658e-01,3.503049e-10,2.338775e-10,5.592931e-08,1.496989e-08	0.000000	0.489461	0.247337	-2141.461444	30
0	6	1502	1.000000	0.000000	0.000000	0.000000	0.000000	0.000000	0.000000	0.000000	0.000000	0.000257	0.000000	0.000000	0.000128	0.000000	0.000000	0.000257	0.000000	0.000257	0.000257	-0.000000	-2135.858746	206	-2135.859211	0.225356	2.625166e-01,2.128224e-01,1.206746e-07,2.279365e-01,2.967213e-01,1.299198e-07,4.557624e-07,2.003623e-06,4.705203e-07	0.000002	0.673201	0.286907	-2205.151020	27
0	7	1489	1.000000	0.000000	0.000000	0.000000	0.000000	0.000000	0.000000	0.000000	0.000000	0.000010	0.000000	0.000000	0.000005	0.000000	0.000000	0.000010	0.000000	0.000010	0.000010	0.000000	-2226.066094	106	-2226.066256	0.223406	2.876212e-01,1.991859e-01,7.869126e-07,2.374559e-01,2.757332e-01,1.312127e-06,7.219451e-07,7.656450e-07,2.009986e-07	0.000005	0.631481	0.279048	-2292.540007	23
0	8	1557	1.000000	0.000000	0.000000	0.000000	0.000000	0.000000	0.000000	0.000000	0.000000	0.000035	0.000000	0.000000	0.000018	0.000000	0.000000	0.000035	0.000000	0.000035	0.000035	-0.000000	-2243.370892	91	-2243.372001	0.233608	2.387484e-01,2.352623e-01,6.818590e-08,2.003691e-01,3.256188e-01,1.824800e-08,1.081552e-07,8.009269e-09,1.206585e-06	0.000001	0.747464	0.299593	-2264.154333	19
0	9	1335	0.953376	0.000000	0.046624	0.000000	0.000000	0.000000	0.000000	0.000000	0.000000	0.046624	0.000000	0.000000	0.023312	0.000000	0.000000	0.046624	0.000000	0.046624	0.046624	0.000000	-1903.440885	86	-1	0.200300	3.005954e-01,1.906583e-01,3.185520e-09,2.090843e-01,2.996620e-01,7.186130e-09,3.471674e-09,3.154262e-09,9.292280e-09	0.000000	0.749637	0.299942	-1948.389815	22
0	10	1704	0.964287	0.000000	0.035712	0.000000	0.000000	0.000000	0.000000	0.000000	0.000000	0.035713	0.000000	0.000000	0.017856	0.000000	0.000000	0.035712	0.000000	0.035712	0.035713	-0.000000	-2431.194147	90	-1	0.255664	2.521652e-01,2.316160e-01,4.597506e-08,1.695153e-01,3.467027e-01,3.064835e-08,2.089789e-07,4.272721e-07,5.286698e-08	0.000001	0.864311	0.316757	-2453.349811	22
0	11	1421	1.000000	0.000000	0.000000	0.000000	0.000000	0.000000	0.000000	0.000000	0.000000	0.000019	0.000000	0.000000	0.000010	0.000000	0.000000	0.000018	0.000000	0.000018	0.000019	0.000000	-2019.938029	102	-2019.938966	0.213203	2.816343e-01,2.081890e-01,3.499147e-09,2.383372e-01,2.718394e-01,1.181439e-08,8.496456e-08,2.363558e-10,1.149463e-09	0.000000	0.608787	0.274528	-2107.792727	26
0	12	1418	0.898945	0.000001	0.101055	0.000000	0.000000	0.000000	0.000000	0.000000	0.000000	0.101055	0.000000	0.000000	0.050528	0.000000	0.000000	0.101055	0.000000	0.101055	0.101055	-0.000000	-2002.287170	90	-1	0.212753	3.045381e-01,1.971694e-01,2.258797e-08,1.650222e-01,3.332701e-01,7.430927e-09,6.457700e-09,5.311069e-08,2.160830e-08	0.000000	0.920148	0.323962	-2077.413667	26
0	13	1587	1.000000	0.000000	0.000000	0.000000	0.000000	0.000000	0.000000	0.000000	0.000000	0.000078	0.000000	0.000000	0.000039	0.000000	0.000000	0.000077	0.000000	0.000078	0.000078	-0.000000	-2186.106604	110	-2186.107679	0.238110	2.802638e-01,2.063392e-01,2.933056e-09,2.150974e-01,2.982959e-01,4.928999e-08,3.580478e-06,6.391483e-09,2.963905e-08	0.000012	0.707801	0.293006	-2274.062831	27
0	14	1490	0.887503	0.000002	0.112495	0.000000	0.000000	0.000000	0.000000	0.000000	0.000000	0.112496	0.000000	0.000000	0.056248	0.000000	0.000000	0.112495	0.000000	0.112495	0.112496	-0.000000	-2114.280721	62	-1	0.223556	3.123844e-01,1.793002e-01,3.821926e-09,1.798953e-01,3.284194e-01,5.584587e-07,1.266615e-07,2.841717e-08,1.100238e-08	0.000000	0.914318	0.323236	-2185.185702	34
0	15	1500	1.000000	0.000000	0.000000	0.000000	0.000000	0.000000	0.000000	0.000000	0.000000	0.000004	0.000000	0.000000	0.000002	0.000000	0.000000	0.000003	0.000000	0.000003	0.000004	-0.000000	-2149.554065	102	-2149.554419	0.225056	2.531238e-01,2.474987e-01,1.149898e-08,2.238239e-01,2.755531e-01,7.799277e-08,3.251867e-07,1.074236e-07,2.490135e-09	0.000001	0.584637	0.269508	-2204.608207	22
0	16	1552	1.000000	0.000000	0.000000	0.000000	0.000000	0.000000	0.000000	0.000000	0.000000	0.000001	0.000000	0.000000	0.000001	0.000000	0.000000	0.000001	0.000000	0.000001	0.000001	-0.000000	-2151.257548	74	-2151.257576	0.232858	3.054484e-01,2.047232e-01,1.288553e-08,2.305674e-01,2.592608e-01,1.131865e-07,4.867535e-09,3.361071e-08,1.974319e-08	0.000000	0.595604	0.271815	-2240.667794	27
0	17	1560	1.000000	0.000000	0.000000	0.000000	0.000000	0.000000	0.000000	0.000000	0.000000	0.000005	0.000000	0.000000	0.000002	0.000000	0.000000	0.000003	0.000000	0.000003	0.000005	-0.000000	-2263.236282	70	-2263.236701	0.234059	2.808914e-01,2.316488e-01,8.680245e-07,2.293820e-01,2.580768e-01,1.922727e-10,4.910817e-09,3.539479e-08,5.271120e-08	0.000003	0.559781	0.264101	-2334.914076	26
0	18	1422	0.969431	0.000000	0.030568	0.000000	0.000000	0.000000	0.000000	0.000000	0.000001	0.030569	0.000001	0.000001	0.015285	0.000001	0.000001	0.030568	0.000001	0.030569	0.030569	-0.000000	-1983.818328	94	-1	0.213353	2.655579e-01,2.117676e-01,1.729397e-07,1.924630e-01,3.302111e-01,1.026002e-07,3.459357e-08,3.746691e-08,4.806624e-08	0.000001	0.816887	0.310158	-2036.492473	18
0	19	1488	1.000000	0.000000	0.000000	0.000000	0.000000	0.000000	0.000000	0.000000	0.000000	0.000004	0.000003	0.000003	0.000003	0.000002	0.000002	0.000000	0.000002	0.000002	0.000004	-0.000000	-2143.436317	59	-2143.438139	0.223256	2.315165e-01,2.705897e-01,2.568103e-07,2.068832e-01,2.910088e-01,8.416219e-07,1.629025e-07,4.493232e-07,6.067693e-09	0.000001	0.609475	0.274668	-2181.924815	23
1	2	1320	0.957532	0.000001	0.042467	0.000000	0.000000	0.000000	0.000000	0.000000	0.000000	0.042467	0.000000	0.000000	0.021234	0.000000	0.000000	0.042467	0.000000	0.042467	0.042467	0.000000	-1889.735260	66	-1	0.198050	3.103201e-01,1.911856e-01,1.928757e-07,1.895080e-01,3.089861e-01,1.230853e-09,1.502812e-08,4.146185e-11,6.153743e-10	0.000001	0.811639	0.309398	-1969.041717	26
1	3	1440	1.000000	0.000000	0.000000	0.000000	0.000000	0.000000	0.000000	0.000000	0.000000	0.000092	0.000000	0.000000	0.000046	0.000000	0.000000	0.000092	0.000000	0.000092	0.000092	0.000000	-2112.702704	106	-2112.703658	0.216054	2.894901e-01,2.004599e-01,5.082299e-07,1.937580e-01,3.162868e-01,4.224914e-07,1.240664e-06,2.361875e-06,7.149969e-07	0.000006	0.802305	0.308030	-2238.634649	35
1	4	1520	0.966577	0.000002	0.033418	0.000000	0.000000	0.000002	0.000000	0.000000	0.000000	0.033419	0.000002	0.000000	0.016710	0.000000	0.000000	0.033418	0.000000	0.033419	0.033421	0.000001	-2182.717009	59	-1	0.228057	2.802857e-01,2.054555e-01,1.269110e-09,1.860517e-01,3.282071e-01,9.118749e-09,4.722566e-08,2.910138e-09,5.628035e-09	0.000000	0.838317	0.313198	-2246.564631	30
1	5	1508	1.000000	0.000000	0.000000	0.000000	0.000000	0.000000	0.000000	0.000000	0.000000	0.000007	0.000000	0.000000	0.000004	0.000000	0.000000	0.000000	0.000000	0.000000	0.000007	-0.000000	-2206.061249	78	-2206.061900	0.226257	2.818142e-01,2.230177e-01,3.555385e-08,2.234637e-01,2.717038e-01,2.276446e-07,1.744350e-07,3.835605e-08,8.238621e-08	0.000001	0.608544	0.274479	-2298.054761	26
1	6	1516	1.000000	0.000000	0.000000	0.000000	0.000000	0.000000	0.000000	0.000000	0.000000	0.000092	0.000000	0.000000	0.000046	0.000000	0.000000	0.000091	0.000000	0.000092	0.000092	-0.000000	-2097.495255	94	-2097.496298	0.227457	2.892444e-01,2.160113e-01,2.218968e-09,2.047616e-01,2.899813e-01,3.054336e-07,5.362005e-08,8.689033e-07,7.171598e-08	0.000000	0.689161	0.289768	-2193.366540	35
1	7	1467	1.000000	0.000000	0.000000	0.000000	0.000000	0.000000	0.000000	0.000000	0.000000	0.000009	0.000000	0.000000	0.000005	0.000000	0.000000	0.000009	0.000000	0.000009	0.000009	-0.000000	-2234.542253	58	-2234.542558	0.220105	2.878539e-01,2.036303e-01,3.544608e-09,2.298826e-01,2.786323e-01,6.769874e-08,1.323124e-08,7.829192e-07,1.785046e-09	0.000000	0.642730	0.281226	-2337.679717	22
1	8	1552	0.942787	0.000000	0.057213	0.000000	0.000000	0.000000	0.000000	0.000000	0.000000	0.057213	0.000000	0.000000	0.028607	0.000000	0.000000	0.057213	0.000000	0.057213	0.057213	-0.000000	-2295.624824	90	-1	0.232858	2.717424e-01,1.763608e-01,9.201286e-07,1.918110e-01,3.600834e-01,5.730987e-07,1.018735e-07,2.185839e-07,6.778300e-07	0.000003	0.978026	0.330854	-2385.295071	22
1	9	1276	0.982738	0.000000	0.017262	0.000000	0.000000	0.000000	0.000000	0.000000	0.000000	0.017262	0.000000	0.000000	0.008631	0.000000	0.000000	0.017262	0.000000	0.017262	0.017262	-0.000000	-1817.039187	106	-1	0.191448	2.865400e-01,1.880740e-01,3.022755e-08,2.091573e-01,3.162286e-01,3.685740e-09,3.199528e-09,9.602509e-10,3.108008e-08	0.000000	0.796082	0.307111	-1885.046801	22
1	10	1649	0.966508	0.000000	0.033492	0.000000	0.000000	0.000000	0.000000	0.000000	0.000000	0.033492	0.000000	0.000000	0.016746	0.000000	0.000000	0.033492	0.000000	0.033492	0.033492	-0.000000	-2438.988651	86	-1	0.247412	2.525822e-01,2.406862e-01,2.090878e-09,1.411045e-01,3.656269e-01,1.708182e-08,6.604657e-08,1.866858e-07,1.969855e-10	0.000000	0.957663	0.328492	-2482.536885	26
1	11	1382	1.000000	0.000000	0.000000	0.000000	0.000000	0.000000	0.000000	0.000000	0.000000	0.000003	0.000003	0.000002	0.000002	0.000002	0.000002	0.000000	0.000002	0.000002	0.000003	0.000000	-1941.468422	63	-1941.469544	0.207352	2.988933e-01,2.110892e-01,3.602275e-06,2.364126e-01,2.536013e-01,1.170546e-08,1.921263e-08,4.064352e-10,1.490137e-08	0.000014	0.566700	0.265626	-2078.054551	30
1	12	1452	0.939089	0.000000	0.060910	0.000000	0.000000	0.000000	0.000000	0.000000	0.000000	0.060911	0.000000	0.000000	0.030455	0.000000	0.000000	0.060910	0.000000	0.060910	0.060911	-0.000000	-2078.183909	90	-1	0.217854	2.951872e-01,2.098727e-01,3.025174e-06,1.636847e-01,3.312519e-01,5.654858e-09,1.337142e-07,2.391459e-07,1.262419e-07	0.000010	0.886741	0.319716	-2173.295204	39
1	13	1680	1.000000	0.000000	0.000000	0.000000	0.000000	0.000000	0.000000	0.000000	0.000000	0.000009	0.000000	0.000001	0.000005	0.000000	0.000000	0.000004	0.000000	0.000004	0.000010	-0.000000	-2377.451732	74	-2377.452694	0.252063	2.757328e-01,2.135453e-01,1.574516e-07,2.130485e-01,2.976717e-01,7.825450e-08,5.299654e-08,1.373841e-06,6.147767e-08	0.000001	0.697785	0.291281	-2498.342607	26
1	14	1448	0.975912	0.000000	0.024087	0.000000	0.000000	0.000000	0.000000	0.000000	0.000000	0.024087	0.000000	0.000000	0.012044	0.000000	0.000000	0.024087	0.000000	0.024087	0.024088	0.000000	-1974.844784	86	-1	0.217254	3.087036e-01,1.773132e-01,9.774331e-11,1.916396e-01,3.223397e-01,4.386991e-10,3.829739e-06,4.723989e-09,3.626575e-08	0.000012	0.873652	0.317997	-2078.145668	30
1	15	1478	0.912938	0.000026	0.087036	0.000000	0.000000	0.000000	0.000000	0.000000	0.000000	0.087049	0.000000	0.000000	0.043524	0.000000	0.000000	0.087036	0.000000	0.087036	0.087049	0.000000	-2037.504465	367	-1	0.221755	3.077288e-01,1.811808e-01,2.949518e-08,1.771046e-01,3.339856e-01,1.214719e-08,1.200812e-08,1.982660e-08,3.064687e-08	0.000000	0.932177	0.325441	-2153.683125	26
1	16	1546	1.000000	0.000000	0.000000	0.000000	0.000000	0.000000	0.000000	0.000000	0.000000	0.000066	0.000001	0.000001	0.000033	0.000001	0.000001	0.000065	0.000001	0.000066	0.000066	0.000000	-2185.309043	102	-2185.310127	0.231958	2.976118e-01,1.759674e-01,3.346153e-07,2.208140e-01,3.056059e-01,4.719600e-09,2.857373e-08,4.241588e-07,8.323841e-10	0.000001	0.770211	0.303182	-2327.007111	26
1	17	1496	1.000000	0.000000	0.000000	0.000000	0.000000	0.000000	0.000000	0.000000	0.000000	0.000003	0.000000	0.000000	0.000001	0.000000	0.000000	0.000003	0.000000	0.000003	0.000003	0.000000	-2184.934830	70	-2184.934937	0.224456	2.813655e-01,2.158434e-01,1.487053e-06,2.225324e-01,2.802560e-01,9.262023e-07,5.556280e-10,6.578019e-09,3.874172e-07	0.000005	0.639302	0.280565	-2266.705523	23
1	18	1476	0.886464	0.000000	0.113531	0.000001	0.000001	0.000001	0.000000	0.000001	0.000002	0.113534	0.000004	0.000004	0.056768	0.000002	0.000002	0.113532	0.000002	0.113534	0.113535	0.000000	-2005.409978	59	-1	0.221455	3.144038e-01,1.725052e-01,2.038612e-07,1.747909e-01,3.382973e-01,3.549678e-07,1.543241e-07,1.636970e-06,3.868746e-07	0.000001	0.974082	0.330402	-2118.623931	22
1	19	1549	1.000000	0.000000	0.000000	0.000000	0.000000	0.000000	0.000000	0.000000	0.000000	0.000003	0.000000	0.000000	0.000002	0.000000	0.000000	0.000003	0.000000	0.000003	0.000003	-0.000000	-2150.157594	78	-2150.157857	0.232408	2.698682e-01,2.332627e-01,2.266743e-08,1.845080e-01,3.123608e-01,2.175749e-07,2.026437e-09,4.224055e-10,8.313163e-08	0.000000	0.747684	0.299629	-2243.198998	22
2	3	1365	1.000000	0.000000	0.000000	0.000000	0.000000	0.000000	0.000000	0.000000	0.000000	0.000036	0.000001	0.000001	0.000018	0.000001	0.000001	0.000035	0.000001	0.000036	0.000036	-0.000000	-1997.170702	90	-1997.171557	0.204801	2.930878e-01,2.202258e-01,1.703786e-07,1.899295e-01,2.967565e-01,1.034266e-10,2.559260e-08,1.780784e-07,1.278814e-07	0.000001	0.723522	0.295671	-2096.449954	22
2	4	1395	0.986562	0.000002	0.013436	0.000000	0.000000	0.000000	0.000000	0.000000	0.000000	0.013437	0.000000	0.000000	0.006719	0.000000	0.000000	0.013436	0.000000	0.013436	0.013437	-0.000000	-2060.593146	106	-1	0.209302	2.618690e-01,2.377700e-01,2.173798e-08,1.769942e-01,3.233659e-01,6.926250e-07,1.915252e-08,6.087790e-09,1.205692e-07	0.000000	0.779637	0.304632	-2129.552826	18
2	5	1307	0.959466	0.000009	0.040525	0.000000	0.000000	0.000000	0.000000	0.000000	0.000000	0.040530	0.000001	0.000000	0.020265	0.000000	0.000000	0.040525	0.000000	0.040526	0.040530	-0.000000	-1853.202281	78	-1	0.196099	3.381465e-01,1.971745e-01,2.032406e-09,1.742292e-01,2.904487e-01,5.987164e-09,3.245901e-08,9.969318e-07,4.259960e-08	0.000000	0.782028	0.304996	-1962.424628	22
2	6	1343	1.000000	0.000000	0.000000	0.000000	0.000000	0.000000	0.000000	0.000000	0.000000	0.000005	0.000001	0.000001	0.000003	0.000000	0.000000	0.000004	0.000000	0.000004	0.000006	-0.000000	-1915.624073	74	-1915.625028	0.201500	2.703151e-01,2.475597e-01,1.094599e-07,2.379744e-01,2.441504e-01,8.657068e-08,2.404676e-08,1.039893e-07,2.249484e-09	0.000001	0.502849	0.250710	-2001.628808	22
2	7	1447	1.000000	0.000000	0.000000	0.000000	0.000000	0.000000	0.000000	0.000000	0.000000	0.000007	0.000000	0.000000	0.000004	0.000000	0.000000	0.000007	0.000000	0.000007	0.000007	0.000000	-2199.030537	86	-2199.030781	0.217104	2.858795e-01,1.978683e-01,5.102021e-08,2.373458e-01,2.789054e-01,1.904618e-07,4.568203e-07,1.069091e-07,1.969217e-07	0.000002	0.640845	0.280863	-2305.896122	26
2	8	1363	0.907148	0.000000	0.092852	0.000000	0.000000	0.000000	0.000000	0.000000	0.000000	0.092852	0.000000	0.000000	0.046426	0.000000	0.000000	0.092852	0.000000	0.092852	0.092852	-0.000000	-1969.975479	82	-1	0.204501	2.908100e-01,2.112889e-01,8.640892e-08,1.536573e-01,3.442425e-01,1.257841e-08,1.103639e-06,6.116304e-08,1.204718e-08	0.000003	0.943266	0.326780	-2056.553578	22
2	9	1227	1.000000	0.000000	0.000000	0.000000	0.000000	0.000000	0.000000	0.000000	0.000000	0.000030	0.000000	0.000001	0.000015	0.000000	0.000000	0.000030	0.000000	0.000030	0.000031	-0.000000	-1751.693319	110	-1751.694252	0.184096	2.977654e-01,2.225199e-01,1.155220e-08,1.979539e-01,2.817559e-01,7.552277e-08,5.000269e-09,4.023588e-07,4.474111e-06	0.000000	0.670091	0.286341	-1843.381879	34
2	10	1461	1.000000	0.000000	0.000000	0.000000	0.000000	0.000000	0.000000	0.000000	0.000000	0.000024	0.000000	0.000000	0.000012	0.000000	0.000000	0.000024	0.000000	0.000024	0.000024	-0.000000	-2159.263250	98	-2159.263892	0.219205	2.506298e-01,2.600652e-01,1.604391e-08,1.699050e-01,3.193997e-01,1.919073e-11,4.519529e-08,2.205604e-07,2.717960e-08	0.000000	0.742841	0.298848	-2211.778759	26
2	11	1364	1.000000	0.000000	0.000000	0.000000	0.000000	0.000000	0.000000	0.000000	0.000000	0.000020	0.000000	0.000000	0.000010	0.000000	0.000000	0.000020	0.000000	0.000020	0.000020	0.000000	-1930.099228	130	-1930.099611	0.204651	3.165537e-01,1.653632e-01,1.136296e-08,2.265805e-01,2.915022e-01,4.270624e-09,1.022298e-07,2.792551e-07,3.021009e-09	0.000000	0.743734	0.298992	-2049.704484	22
2	12	1327	1.000000	0.000000	0.000000	0.000000	0.000000	0.000000	0.000000	0.000000	0.000000	0.000867	0.000000	0.000000	0.000434	0.000000	0.000000	0.000867	0.000000	0.000867	0.000867	0.000000	-1926.288222	218	-1926.288676	0.199100	2.768075e-01,2.114622e-01,1.877359e-10,1.868956e-01,3.248346e-01,6.824573e-09,2.440679e-08,5.077923e-10,3.953768e-10	0.000000	0.815434	0.309949	-2037.675382	22
2	13	1532	0.887789	0.000000	0.112211	0.000000	0.000000	0.000000	0.000000	0.000000	0.000000	0.112211	0.000000	0.000000	0.056105	0.000000	0.000000	0.112211	0.000000	0.112211	0.112211	-0.000000	-2185.263110	138	-1	0.229857	3.215411e-01,1.795568e-01,1.162314e-11,1.721244e-01,3.267772e-01,6.732831e-08,2.731024e-07,4.197534e-08,5.068676e-08	0.000001	0.929185	0.325075	-2257.873558	22
2	14	1387	1.000000	0.000000	0.000000	0.000000	0.000000	0.000000	0.000000	0.000000	0.000000	0.000262	0.000000	0.000000	0.000131	0.000000	0.000000	0.000262	0.000000	0.000262	0.000262	0.000000	-2008.929720	146	-2008.930268	0.208102	2.802844e-01,2.117445e-01,1.032405e-08,1.868120e-01,3.211588e-01,5.511644e-08,1.024456e-07,1.286110e-07,1.253792e-09	0.000000	0.805804	0.308547	-2099.688139	26
2	15	1352	0.852303	0.000013	0.147685	0.000000	0.000000	0.000000	0.000000	0.000000	0.000000	0.147691	0.000000	0.000000	0.073845	0.000000	0.000000	0.147685	0.000000	0.147685	0.147691	0.000000	-1858.621507	74	-1	0.202851	3.359290e-01,1.752031e-01,5.293824e-11,1.441933e-01,3.446743e-01,1.078486e-08,7.432723e-08,2.578722e-09,1.429816e-07	0.000000	1.079142	0.341686	-1952.237237	22
2	16	1391	0.941119	0.000000	0.058878	0.000001	0.000001	0.000000	0.000000	0.000001	0.000000	0.058879	0.000001	0.000003	0.029440	0.000000	0.000001	0.058879	0.000000	0.058879	0.058881	-0.000000	-1953.189275	74	-1	0.208702	3.362355e-01,1.686183e-01,2.416439e-08,1.973739e-01,2.977718e-01,6.385279e-09,4.426640e-07,1.733178e-08,1.913121e-08	0.000002	0.813601	0.309683	-2039.170695	22
2	17	1474	0.936555	0.000000	0.063445	0.000000	0.000000	0.000000	0.000000	0.000000	0.000000	0.063445	0.000000	0.000000	0.031722	0.000000	0.000000	0.063445	0.000000	0.063445	0.063445	-0.000000	-2133.205305	74	-1	0.221155	3.225270e-01,1.886829e-01,5.878445e-09,1.941660e-01,2.946241e-01,8.778159e-09,2.336829e-09,2.510257e-10,2.292599e-08	0.000000	0.769557	0.303081	-2222.194788	22
2	18	1366	1.000000	0.000000	0.000000	0.000000	0.000000	0.000000	0.000000	0.000000	0.000000	0.000034	0.000000	0.000000	0.000017	0.000000	0.000000	0.000034	0.000000	0.000034	0.000034	0.000000	-1940.862977	106	-1940.863490	0.204951	2.953647e-01,2.117382e-01,7.845112e-08,1.799490e-01,3.129464e-01,1.829273e-07,9.274771e-07,3.843260e-07,1.543070e-07	0.000003	0.798967	0.307538	-2042.527485	19
2	19	1370	1.000000	0.000000	0.000000	0.000000	0.000000	0.000000	0.000000	0.000000	0.000000	0.000000	0.000000	0.000000	0.000000	0.000000	0.000000	0.000000	0.000000	0.000000	0.000000	0.000000	-2004.647028	86	-2004.647033	0.205551	2.750816e-01,2.247047e-01,1.815537e-07,1.677859e-01,3.324267e-01,2.340623e-07,6.580817e-07,4.436463e-08,8.567721e-08	0.000003	0.846965	0.314396	-2082.494343	22
3	4	1554	0.938485	0.000001	0.061513	0.000000	0.000000	0.000000	0.000000	0.000000	0.000001	0.061514	0.000001	0.000001	0.030758	0.000001	0.000001	0.061513	0.000001	0.061514	0.061514	-0.000000	-2269.202602	90	-1	0.233158	2.906225e-01,2.076437e-01,6.008448e-07,1.833268e-01,3.184045e-01,1.514146e-09,2.460700e-07,1.646835e-06,4.890314e-08	0.000003	0.814390	0.309796	-2341.711667	19
3	5	1444	0.986765	0.000000	0.013234	0.000000	0.000000	0.000000	0.000000	0.000000	0.000000	0.013235	0.000000	0.000000	0.006617	0.000000	0.000000	0.013234	0.000000	0.013234	0.013235	0.000000	-2168.348153	118	-1	0.216654	2.843477e-01,2.036166e-01,1.259953e-06,2.027548e-01,3.092794e-01,3.182661e-08,1.319838e-07,5.551130e-08,9.285658e-09	0.000005	0.761073	0.301754	-2256.147505	22
3	6	1566	1.000000	0.000000	0.000000	0.000000	0.000000	0.000000	0.000000	0.000000	0.000000	0.000004	0.000000	0.000000	0.000002	0.000000	0.000000	0.000000	0.000000	0.000000	0.000004	-0.000000	-2234.539145	66	-2234.539678	0.234959	2.602923e-01,2.286124e-01,5.636817e-08,2.346802e-01,2.764148e-01,1.418988e-08,1.776043e-08,2.014826e-08,2.688472e-07	0.000000	0.596631	0.272029	-2333.022974	22
3	7	1473	1.000000	0.000000	0.000000	0.000000	0.000000	0.000000	0.000000	0.000000	0.000000	0.000476	0.000001	0.000001	0.000238	0.000000	0.000000	0.000476	0.000000	0.000476	0.000477	-0.000000	-2217.805756	147	-2217.806905	0.221005	3.046084e-01,1.897407e-01,1.748331e-10,2.305534e-01,2.750976e-01,3.445855e-09,5.945583e-09,1.566898e-09,8.790719e-09	0.000000	0.654536	0.283463	-2288.789244	22
3	8	1531	0.984900	0.000000	0.015099	0.000000	0.000000	0.000000	0.000000	0.000000	0.000001	0.015100	0.000001	0.000001	0.007551	0.000001	0.000001	0.015099	0.000001	0.015100	0.015100	-0.000000	-2211.596344	115	-1	0.229707	2.730821e-01,2.083831e-01,5.803326e-09,1.952389e-01,3.232959e-01,2.004953e-08,2.606218e-09,3.245353e-09,8.048885e-09	0.000000	0.800987	0.307838	-2304.659830	22
3	9	1335	0.986963	0.000000	0.013036	0.000000	0.000000	0.000000	0.000000	0.000000	0.000000	0.013036	0.000000	0.000000	0.006518	0.000000	0.000000	0.013036	0.000000	0.013036	0.013036	-0.000000	-1986.661303	126	-1	0.200300	2.969112e-01,1.920451e-01,5.751986e-06,2.138557e-01,2.971822e-01,7.272595e-11,3.356527e-09,1.996940e-11,5.004701e-09	0.000019	0.732144	0.297092	-2066.748359	38
3	10	1540	1.000000	0.000000	0.000000	0.000000	0.000000	0.000000	0.000000	0.000000	0.000000	0.000041	0.000003	0.000000	0.000021	0.000000	0.000000	0.000041	0.000000	0.000041	0.000043	0.000001	-2277.385676	79	-2277.387142	0.231058	2.449500e-01,2.439182e-01,7.434917e-08,1.640004e-01,3.471313e-01,4.407657e-08,1.054448e-09,4.364756e-08,6.349512e-10	0.000000	0.850982	0.314949	-2332.772431	18
3	11	1442	1.000000	0.000000	0.000000	0.000000	0.000000	0.000000	0.000000	0.000000	0.000000	0.000013	0.000001	0.000001	0.000007	0.000000	0.000000	0.000011	0.000000	0.000011	0.000014	0.000000	-2139.102383	87	-2139.103792	0.216354	2.887973e-01,2.080922e-01,1.637870e-07,2.365192e-01,2.665910e-01,1.369611e-08,4.490096e-08,5.283662e-08,5.215631e-08	0.000001	0.599604	0.272645	-2260.223423	22
3	12	1378	0.924150	0.000017	0.075833	0.000000	0.000000	0.000000	0.000000	0.000000	0.000000	0.075842	0.000000	0.000000	0.037921	0.000000	0.000000	0.075833	0.000000	0.075833	0.075842	-0.000000	-2043.550882	70	-1	0.206752	3.003969e-01,1.942014e-01,4.287026e-08,1.688847e-01,3.365153e-01,3.803495e-07,3.179897e-07,3.566416e-07,5.868389e-07	0.000001	0.926817	0.324784	-2127.716492	19
3	13	1646	0.929252	0.000000	0.070748	0.000000	0.000000	0.000000	0.000000	0.000000	0.000000	0.070748	0.000000	0.000000	0.035374	0.000000	0.000000	0.070748	0.000000	0.070748	0.070748	-0.000000	-2377.158395	82	-1	0.246962	2.789464e-01,1.883468e-01,1.381936e-07,1.915175e-01,3.411884e-01,5.497318e-08,2.748304e-07,2.210299e-08,5.357227e-07	0.000001	0.898184	0.321196	-2452.379311	18
3	14	1433	0.938542	0.000000	0.061457	0.000000	0.000000	0.000000	0.000000	0.000000	0.000001	0.061458	0.000001	0.000001	0.030729	0.000001	0.000001	0.061457	0.000001	0.061458	0.061458	0.000000	-2035.367186	86	-1	0.215004	3.144409e-01,1.940073e-01,4.160902e-08,1.816022e-01,3.099076e-01,1.016324e-08,5.624089e-10,4.045615e-09,4.197324e-05	0.000000	0.825079	0.311332	-2131.178649	38
3	15	1416	1.000000	0.000000	0.000000	0.000000	0.000000	0.000000	0.000000	0.000000	0.000000	0.000801	0.000000	0.000000	0.000401	0.000000	0.000000	0.000801	0.000000	0.000801	0.000801	0.000000	-2007.473758	166	-2007.474509	0.212453	2.914537e-01,2.024305e-01,2.135629e-07,2.103964e-01,2.957180e-01,1.698838e-07,7.827787e-07,1.577972e-07,2.168197e-08	0.000003	0.716322	0.294461	-2107.292427	18
3	16	1471	1.000000	0.000000	0.000000	0.000000	0.000000	0.000000	0.000000	0.000000	0.000000	0.000005	0.000000	0.000000	0.000002	0.000000	0.000000	0.000001	0.000000	0.000001	0.000005	-0.000000	-2122.644851	78	-2122.645473	0.220705	2.989535e-01,2.153211e-01,2.668302e-07,2.387566e-01,2.469671e-01,1.165775e-08,9.658827e-07,3.446878e-07,9.123174e-08	0.000005	0.543886	0.260508	-2241.152080	19
3	17	1432	0.997304	0.000000	0.002696	0.000000	0.000000	0.000000	0.000000	0.000000	0.000000	0.002696	0.000000	0.000000	0.001348	0.000000	0.000000	0.002696	0.000000	0.002696	0.002696	-0.000000	-2176.108814	142	-1	0.214854	3.071934e-01,2.061683e-01,3.457094e-08,2.075258e-01,2.791122e-01,1.071527e-10,6.295152e-10,1.653938e-07,4.038190e-09	0.000000	0.674682	0.287176	-2248.401071	22
3	18	1539	0.877539	0.000000	0.122461	0.000000	0.000000	0.000000	0.000000	0.000000	0.000000	0.122461	0.000000	0.000000	0.061231	0.000000	0.000000	0.122461	0.000000	0.122461	0.122461	-0.000000	-2221.810020	74	-1	0.230908	2.921564e-01,1.925826e-01,1.457477e-06,1.562835e-01,3.589745e-01,3.057188e-07,5.338212e-07,2.573691e-07,4.067422e-07	0.000006	1.028967	0.336488	-2309.787497	19
3	19	1527	0.922509	0.000030	0.077460	0.000000	0.000000	0.000000	0.000000	0.000000	0.000000	0.077475	0.000000	0.000000	0.038738	0.000000	0.000000	0.077460	0.000000	0.077460	0.077475	0.000000	-2225.388916	370	-1	0.229107	2.860055e-01,1.972609e-01,1.417191e-07,1.785491e-01,3.381837e-01,2.177010e-07,3.976139e-07,3.435187e-09,2.541111e-08	0.000002	0.899878	0.321412	-2271.457615	19
4	5	1542	1.000000	0.000000	0.000000	0.000000	0.000000	0.000000	0.000000	0.000000	0.000000	0.000001	0.000000	0.000000	0.000001	0.000000	0.000000	0.000001	0.000000	0.000001	0.000001	0.000000	-2220.339837	98	-2220.339880	0.231358	2.802830e-01,1.908856e-01,1.040254e-09,2.358682e-01,2.929632e-01,3.455103e-09,4.682252e-09,4.182679e-09,6.569011e-11	0.000000	0.686492	0.289295	-2280.658426	26
4	6	1527	0.967552	0.000008	0.032440	0.000000	0.000000	0.000000	0.000000	0.000000	0.000000	0.032445	0.000000	0.000000	0.016222	0.000000	0.000000	0.032440	0.000000	0.032441	0.032445	-0.000000	-2180.499733	94	-1	0.229107	2.884869e-01,1.798329e-01,5.019796e-07,2.361991e-01,2.954785e-01,1.060456e-06,9.814375e-07,1.281480e-10,2.950410e-09	0.000005	0.710226	0.293424	-2222.158820	22
4	7	1544	1.000000	0.000000	0.000000	0.000000	0.000000	0.000000	0.000000	0.000000	0.000000	0.000019	0.000000	0.000000	0.000009	0.000000	0.000000	0.000019	0.000000	0.000019	0.000019	0.000000	-2279.951974	94	-2279.952601	0.231658	2.730674e-01,1.937052e-01,2.525697e-08,2.617690e-01,2.714582e-01,2.517175e-08,1.277865e-07,5.703094e-09,4.092187e-08	0.000001	0.595990	0.271895	-2346.938765	18
4	8	1645	1.000000	0.000000	0.000000	0.000000	0.000000	0.000000	0.000000	0.000000	0.000000	0.000085	0.000000	0.000000	0.000043	0.000000	0.000000	0.000085	0.000000	0.000085	0.000086	-0.000000	-2375.938408	146	-2375.939188	0.246812	2.531108e-01,2.073063e-01,2.540392e-07,2.094182e-01,3.301625e-01,7.306340e-07,1.922424e-08,6.452232e-07,4.264971e-07	0.000001	0.792277	0.306543	-2452.878518	22
4	9	1376	0.971435	0.000000	0.028565	0.000000	0.000000	0.000000	0.000000	0.000000	0.000000	0.028565	0.000000	0.000000	0.014282	0.000000	0.000000	0.028565	0.000000	0.028565	0.028565	-0.000000	-1960.064471	82	-1	0.206452	2.987830e-01,1.772255e-01,1.018509e-07,2.212616e-01,3.027278e-01,3.863027e-07,1.025638e-06,4.899865e-07,7.579597e-08	0.000004	0.759689	0.301536	-2020.880925	19
4	10	1709	0.927559	0.000001	0.072439	0.000000	0.000000	0.000000	0.000000	0.000000	0.000000	0.072440	0.000000	0.000000	0.036220	0.000000	0.000000	0.072439	0.000000	0.072439	0.072440	0.000000	-2599.088751	58	-1	0.256414	2.467705e-01,2.268214e-01,7.924519e-08,1.722880e-01,3.541194e-01,2.847833e-08,4.599659e-07,4.047943e-09,1.462431e-07	0.000002	0.887273	0.319789	-2603.247124	22
4	11	1538	1.000000	0.000000	0.000000	0.000000	0.000000	0.000000	0.000000	0.000000	0.000000	0.000004	0.000002	0.000000	0.000002	0.000001	0.000000	0.000003	0.000000	0.000003	0.000005	0.000000	-2258.270054	74	-2258.271150	0.230758	2.659714e-01,1.962545e-01,3.289077e-07,2.685877e-01,2.691858e-01,1.652868e-08,6.718200e-08,3.083306e-08,7.201243e-08	0.000001	0.579090	0.268323	-2337.557907	26
4	12	1476	0.921411	0.000000	0.078589	0.000000	0.000000	0.000000	0.000000	0.000000	0.000000	0.078589	0.000000	0.000000	0.039295	0.000000	0.000000	0.078589	0.000000	0.078589	0.078589	-0.000000	-2162.239728	114	-1	0.221455	2.801054e-01,1.977008e-01,1.971836e-07,1.827843e-01,3.394092e-01,1.266962e-11,6.120292e-11,1.571996e-09,1.028066e-07	0.000001	0.892043	0.320408	-2211.537090	22
4	13	1688	0.958768	0.000000	0.041230	0.000002	0.000000	0.000000	0.000000	0.000000	0.000000	0.041230	0.000000	0.000002	0.020615	0.000000	0.000000	0.041230	0.000000	0.041230	0.041231	-0.000001	-2442.224034	71	-1	0.253263	2.764538e-01,1.861283e-01,9.828051e-10,2.115413e-01,3.258766e-01,1.471879e-08,1.265162e-08,2.713611e-09,2.504741e-09	0.000000	0.819466	0.310529	-2509.530374	22
4	14	1478	1.000000	0.000000	0.000000	0.000000	0.000000	0.000000	0.000000	0.000000	0.000000	0.000732	0.000000	0.000000	0.000366	0.000000	0.000000	0.000732	0.000000	0.000732	0.000732	0.000000	-2179.514529	262	-2179.515301	0.221755	2.626426e-01,1.828769e-01,1.895199e-08,2.136667e-01,3.408139e-01,1.570846e-08,5.485323e-11,2.511508e-08,8.190661e-09	0.000000	0.859461	0.316104	-2227.951206	26
4	15	1597	0.972455	0.000001	0.027543	0.000000	0.000000	0.000000	0.000000	0.000000	0.000000	0.027544	0.000000	0.000000	0.013772	0.000000	0.000000	0.027544	0.000000	0.027544	0.027544	0.000000	-2282.261614	114	-1	0.239610	2.546267e-01,1.911694e-01,7.933737e-08,2.146406e-01,3.395631e-01,5.258166e-10,6.565856e-08,1.591200e-09,1.766038e-10	0.000000	0.836754	0.312980	-2321.361586	22
4	16	1633	1.000000	0.000000	0.000000	0.000000	0.000000	0.000000	0.000000	0.000000	0.000000	0.000019	0.000000	0.000000	0.000010	0.000000	0.000000	0.000019	0.000000	0.000019	0.000019	-0.000000	-2296.344554	118	-2296.345152	0.245011	2.707467e-01,1.894363e-01,1.517163e-06,2.327574e-01,3.070579e-01,1.134195e-08,1.321808e-07,3.518829e-12,3.574620e-09	0.000005	0.727289	0.296296	-2409.035778	26
4	17	1507	0.980507	0.000000	0.019492	0.000000	0.000000	0.000000	0.000000	0.000000	0.000000	0.019493	0.000000	0.000000	0.009746	0.000000	0.000000	0.019492	0.000000	0.019493	0.019493	0.000000	-2243.478780	126	-1	0.226107	2.879267e-01,1.887143e-01,2.390577e-07,2.414969e-01,2.818618e-01,2.758239e-08,1.370942e-08,8.679753e-09,3.759939e-08	0.000001	0.655170	0.283581	-2282.027427	22
4	18	1608	0.890720	0.000023	0.109257	0.000000	0.000000	0.000000	0.000000	0.000000	0.000000	0.109268	0.000000	0.000000	0.054634	0.000000	0.000000	0.109257	0.000000	0.109257	0.109268	-0.000000	-2291.029213	254	-1	0.241260	2.937318e-01,1.870302e-01,1.053884e-09,1.792595e-01,3.399783e-01,9.491072e-09,3.001653e-09,1.450438e-08,6.580916e-08	0.000000	0.928168	0.324951	-2352.160004	18
4	19	1601	1.000000	0.000000	0.000000	0.000000	0.000000	0.000000	0.000000	0.000000	0.000000	0.000028	0.000000	0.000000	0.000014	0.000000	0.000000	0.000027	0.000000	0.000027	0.000028	0.000000	-2330.150082	90	-2330.150785	0.240210	2.349831e-01,2.071691e-01,1.224009e-10,2.131421e-01,3.447056e-01,6.040796e-10,2.791877e-10,9.093175e-09,8.196489e-09	0.000000	0.820120	0.310623	-2358.144900	22
5	6	1500	1.000000	0.000000	0.000000	0.000000	0.000000	0.000000	0.000000	0.000000	0.000000	0.000002	0.000000	0.000000	0.000001	0.000000	0.000000	0.000001	0.000000	0.000001	0.000002	0.000000	-2122.867469	98	-2122.867532	0.225056	2.767443e-01,2.297062e-01,1.338384e-08,2.181376e-01,2.754119e-01,6.082242e-10,3.865688e-10,4.162383e-09,4.199886e-09	0.000000	0.614973	0.275779	-2187.825196	22
5	7	1483	0.965363	0.000001	0.034636	0.000000	0.000000	0.000000	0.000000	0.000000	0.000000	0.034637	0.000000	0.000000	0.017318	0.000000	0.000000	0.034636	0.000000	0.034636	0.034637	0.000000	-2224.542379	74	-1	0.222506	3.222912e-01,1.925420e-01,6.501700e-07,1.949031e-01,2.902630e-01,1.651814e-10,8.017685e-10,1.006087e-08,2.478445e-09	0.000002	0.749171	0.299866	-2332.015960	30
5	8	1400	1.000000	0.000000	0.000000	0.000000	0.000000	0.000000	0.000000	0.000000	0.000000	0.000126	0.000000	0.000000	0.000063	0.000000	0.000000	0.000126	0.000000	0.000126	0.000126	0.000000	-2051.476118	138	-2051.476861	0.210053	2.783185e-01,2.110674e-01,9.956012e-10,1.778383e-01,3.327755e-01,2.359133e-09,2.946404e-09,1.023281e-08,3.443568e-07	0.000000	0.855672	0.315590	-2138.863057	26
5	9	1289	0.915391	0.000023	0.084587	0.000000	0.000000	0.000000	0.000000	0.000000	0.000000	0.084598	0.000000	0.000000	0.042299	0.000000	0.000000	0.084587	0.000000	0.084587	0.084598	0.000000	-1912.483861	106	-1	0.193398	3.070896e-01,1.973633e-01,1.355343e-08,1.743697e-01,3.182553e-01,5.441926e-08,6.631967e-09,4.303740e-10,2.921918e-03	0.000000	0.856139	0.315653	-2001.651521	26
5	10	1612	0.942677	0.000001	0.057322	0.000000	0.000000	0.000000	0.000000	0.000000	0.000000	0.057323	0.000000	0.000000	0.028661	0.000000	0.000000	0.057322	0.000000	0.057322	0.057323	-0.000000	-2407.727599	90	-1	0.241860	2.635529e-01,2.431248e-01,1.771789e-07,1.468357e-01,3.464844e-01,6.253731e-08,1.493657e-06,4.113822e-07,1.149552e-08	0.000005	0.888507	0.319948	-2455.040712	22
5	11	1535	0.995322	0.000000	0.004678	0.000000	0.000000	0.000000	0.000000	0.000000	0.000000	0.004678	0.000000	0.000000	0.002339	0.000000	0.000000	0.004678	0.000000	0.004678	0.004678	0.000000	-2254.230563	174	-1	0.230308	3.180173e-01,1.829453e-01,9.831297e-08,2.183797e-01,2.806567e-01,2.640975e-07,1.533539e-07,2.262743e-08,4.762962e-07	0.000001	0.699324	0.291549	-2370.317587	22
5	12	1425	1.000000	0.000000	0.000000	0.000000	0.000000	0.000000	0.000000	0.000000	0.000000	0.000003	0.000000	0.000000	0.000001	0.000000	0.000000	0.000003	0.000000	0.000003	0.000003	0.000000	-2065.951835	86	-2065.951898	0.213803	2.801966e-01,2.141949e-01,1.893116e-08,2.041249e-01,3.014834e-01,2.384479e-08,3.606596e-08,8.039099e-10,6.142269e-08	0.000000	0.720701	0.295200	-2160.611372	23
5	13	1540	1.000000	0.000000	0.000000	0.000000	0.000000	0.000000	0.000000	0.000000	0.000000	0.000025	0.000000	0.000000	0.000013	0.000000	0.000000	0.000025	0.000000	0.000025	0.000025	-0.000000	-2311.172034	98	-2311.172745	0.231058	2.764357e-01,2.264622e-01,9.502711e-09,2.034583e-01,2.936422e-01,1.174235e-08,1.493248e-06,3.426807e-08,2.557727e-08	0.000005	0.683013	0.288673	-2392.491931	26
5	14	1421	1.000000	0.000000	0.000000	0.000000	0.000000	0.000000	0.000000	0.000000	0.000000	0.000024	0.000001	0.000000	0.000012	0.000000	0.000000	0.000023	0.000000	0.000023	0.000024	0.000000	-2015.697092	86	-2015.697745	0.213203	2.875803e-01,1.926719e-01,3.144880e-08,2.088785e-01,3.108683e-01,6.684992e-08,9.347193e-09,9.250391e-07,7.759472e-09	0.000000	0.774168	0.303793	-2110.480201	34
5	15	1457	1.000000	0.000000	0.000000	0.000000	0.000000	0.000000	0.000000	0.000000	0.000000	0.000577	0.000000	0.000000	0.000289	0.000000	0.000000	0.000577	0.000000	0.000577	0.000577	0.000000	-2086.046620	246	-2086.047118	0.218605	2.998991e-01,2.273951e-01,4.992553e-07,1.773643e-01,2.953397e-01,9.180063e-08,2.976903e-07,2.317400e-07,7.075434e-07	0.000003	0.729665	0.296691	-2173.303615	19
5	16	1616	1.000000	0.000000	0.000000	0.000000	0.000000	0.000000	0.000000	0.000000	0.000000	0.000154	0.000000	0.000000	0.000077	0.000000	0.000000	0.000154	0.000000	0.000154	0.000154	0.000000	-2354.527562	150	-2354.528646	0.242461	2.926182e-01,2.027338e-01,1.115641e-08,2.079254e-01,2.967220e-01,2.698320e-11,2.736325e-11,5.912929e-07,4.261723e-09	0.000000	0.722549	0.295509	-2479.863881	26
5	17	1473	0.985065	0.000010	0.014923	0.000000	0.000000	0.000000	0.000000	0.000000	0.000001	0.014929	0.000001	0.000001	0.007465	0.000001	0.000001	0.014923	0.000001	0.014924	0.014930	0.000000	-2161.304223	82	-1	0.221005	3.210451e-01,1.866391e-01,2.034419e-07,2.037534e-01,2.885610e-01,1.441217e-07,4.036424e-07,1.827852e-07,5.190289e-07	0.000002	0.739154	0.298248	-2272.831853	26
5	18	1517	1.000000	0.000000	0.000000	0.000000	0.000000	0.000000	0.000000	0.000000	0.000000	0.000005	0.000000	0.000000	0.000003	0.000000	0.000000	0.000005	0.000000	0.000005	0.000005	-0.000000	-2136.226322	82	-2136.226660	0.227607	2.757619e-01,2.227550e-01,1.905319e-07,1.957934e-01,3.056893e-01,1.015798e-12,2.733788e-10,2.107061e-10,1.946573e-07	0.000001	0.730356	0.296806	-2261.616350	26
5	19	1505	0.981852	0.000000	0.018148	0.000000	0.000000	0.000000	0.000000	0.000000	0.000000	0.018148	0.000000	0.000000	0.009074	0.000000	0.000000	0.018148	0.000000	0.018148	0.018148	-0.000000	-2221.058204	114	-1	0.225806	2.777613e-01,2.159669e-01,7.223931e-08,1.848854e-01,3.213856e-01,1.843670e-08,3.308675e-07,2.517247e-07,2.933569e-09	0.000001	0.801754	0.307951	-2301.027098	26
6	7	1479	0.962431	0.000000	0.037568	0.000001	0.000000	0.000001	0.000000	0.000000	0.000000	0.037568	0.000001	0.000001	0.018784	0.000000	0.000000	0.037568	0.000000	0.037568	0.037568	-0.000000	-2118.511411	94	-1	0.221905	3.063155e-01,2.118495e-01,2.168105e-07,2.000360e-01,2.817981e-01,5.453883e-10,4.589124e-09,1.436303e-07,5.136085e-07	0.000001	0.684166	0.288880	-2211.117564	23
6	8	1473	0.934112	0.000000	0.065888	0.000000	0.000000	0.000000	0.000000	0.000000	0.000000	0.065888	0.000000	0.000000	0.032944	0.000000	0.000000	0.065888	0.000000	0.065888	0.065888	-0.000000	-2063.719657	94	-1	0.221005	2.806380e-01,2.137807e-01,3.026786e-07,1.821515e-01,3.234284e-01,3.427429e-07,3.249473e-10,4.453070e-07,2.522854e-07	0.000001	0.816876	0.310156	-2127.903769	22
6	9	1296	0.919009	0.000039	0.080952	0.000000	0.000000	0.000000	0.000000	0.000000	0.000000	0.080972	0.000000	0.000000	0.040486	0.000000	0.000000	0.080952	0.000000	0.080952	0.080972	0.000000	-1861.210121	490	-1	0.194449	3.072597e-01,1.961654e-01,5.613738e-08,1.930608e-01,3.035138e-01,2.003330e-07,6.167796e-09,1.522983e-09,4.553500e-08	0.000000	0.779787	0.304655	-1921.859140	22
6	10	1560	0.975802	0.000000	0.024197	0.000000	0.000000	0.000000	0.000000	0.000000	0.000001	0.024198	0.000001	0.000001	0.012099	0.000001	0.000001	0.024197	0.000001	0.024197	0.024198	0.000000	-2314.501509	75	-1	0.234059	2.355386e-01,2.568633e-01,2.867486e-09,1.613432e-01,3.462547e-01,1.864492e-10,9.199194e-08,8.560447e-08,2.045181e-10	0.000000	0.827951	0.311740	-2320.880643	22
6	11	1554	0.979513	0.000013	0.020473	0.000000	0.000001	0.000000	0.000000	0.000000	0.000000	0.020480	0.000001	0.000001	0.010240	0.000000	0.000000	0.020473	0.000000	0.020473	0.020480	0.000000	-2185.255584	86	-1	0.233158	3.328145e-01,1.822247e-01,1.240624e-08,2.109030e-01,2.740564e-01,4.361828e-07,3.169169e-08,6.781562e-07,2.359847e-07	0.000000	0.697116	0.291165	-2283.665314	22
6	12	1516	0.967146	0.000000	0.032854	0.000000	0.000000	0.000000	0.000000	0.000000	0.000000	0.032854	0.000000	0.000000	0.016427	0.000000	0.000000	0.032854	0.000000	0.032854	0.032854	-0.000000	-2114.079364	90	-1	0.227457	2.845492e-01,2.172723e-01,3.730928e-08,2.060099e-01,2.921686e-01,4.603695e-10,2.733947e-08,1.285220e-09,2.108821e-09	0.000000	0.690245	0.289959	-2192.456253	26
6	13	1672	0.978431	0.000000	0.021568	0.000000	0.000000	0.000000	0.000000	0.000000	0.000001	0.021569	0.000001	0.000001	0.010785	0.000001	0.000001	0.021568	0.000001	0.021569	0.021569	0.000000	-2316.947760	74	-1	0.250863	2.938635e-01,2.143601e-01,2.051478e-09,1.973014e-01,2.944749e-01,1.073663e-08,3.289365e-09,1.162264e-08,2.489878e-09	0.000000	0.715333	0.294295	-2383.618497	22
6	14	1525	1.000000	0.000000	0.000000	0.000000	0.000000	0.000000	0.000000	0.000000	0.000000	0.000002	0.000000	0.000000	0.000001	0.000000	0.000000	0.000001	0.000000	0.000001	0.000002	0.000000	-2144.824886	66	-2144.825051	0.228807	2.721863e-01,2.414679e-01,1.539965e-06,2.227748e-01,2.635695e-01,2.252121e-08,3.820483e-09,3.968038e-09,6.344321e-10	0.000006	0.567739	0.265858	-2245.049829	30
6	15	1460	0.995437	0.000000	0.004563	0.000000	0.000000	0.000000	0.000000	0.000000	0.000000	0.004563	0.000000	0.000000	0.002281	0.000000	0.000000	0.004563	0.000000	0.004563	0.004563	0.000000	-2045.274654	142	-1	0.219055	2.820416e-01,2.080960e-01,6.055306e-08,2.103916e-01,2.994704e-01,6.274557e-08,1.184663e-07,4.839368e-09,6.927621e-08	0.000001	0.715601	0.294340	-2117.367735	22
6	16	1565	0.961266	0.000010	0.038724	0.000000	0.000000	0.000001	0.000000	0.000000	0.000000	0.038729	0.000001	0.000000	0.019365	0.000000	0.000000	0.038724	0.000000	0.038724	0.038729	0.000000	-2162.599340	90	-1	0.234809	3.252505e-01,1.684081e-01,1.498350e-08,2.245729e-01,2.817673e-01,1.259203e-08,5.611486e-08,7.437342e-07,2.862656e-07	0.000000	0.716998	0.294576	-2245.741916	22
6	17	1488	1.000000	0.000000	0.000000	0.000000	0.000000	0.000000	0.000000	0.000000	0.000000	0.000026	0.000000	0.000000	0.000013	0.000000	0.000000	0.000026	0.000000	0.000026	0.000026	-0.000000	-2177.543468	78	-2177.544331	0.223256	2.908807e-01,2.214606e-01,2.062398e-07,2.251286e-01,2.625298e-01,2.478121e-08,1.225418e-08,6.170641e-09,1.213216e-08	0.000001	0.587855	0.270190	-2243.751375	30
6	18	1509	1.000000	0.000000	0.000000	0.000000	0.000000	0.000000	0.000000	0.000000	0.000000	0.000133	0.000001	0.000000	0.000066	0.000000	0.000000	0.000133	0.000000	0.000133	0.000133	0.000001	-2111.314798	110	-2111.315828	0.226407	2.866812e-01,2.212921e-01,3.321928e-10,1.875586e-01,3.044681e-01,5.941683e-10,3.534203e-08,5.307794e-08,5.842059e-09	0.000000	0.744693	0.299147	-2189.893952	22
6	19	1515	1.000000	0.000000	0.000000	0.000000	0.000000	0.000000	0.000000	0.000000	0.000000	0.000005	0.000000	0.000000	0.000003	0.000000	0.000000	0.000005	0.000000	0.000005	0.000005	-0.000000	-2160.872583	82	-2160.872925	0.227307	2.467227e-01,2.606153e-01,7.030805e-08,2.192252e-01,2.734367e-01,2.147638e-08,3.335908e-10,1.155326e-08,1.110650e-08	0.000000	0.569849	0.266322	-2222.127740	34
7	8	1577	0.922402	0.000000	0.077598	0.000000	0.000000	0.000000	0.000000	0.000000	0.000000	0.077598	0.000000	0.000000	0.038799	0.000000	0.000000	0.077598	0.000000	0.077598	0.077598	0.000000	-2341.095720	134	-1	0.236609	2.953384e-01,2.201500e-01,1.358439e-07,1.608398e-01,3.236715e-01,9.887829e-08,1.444679e-08,5.779016e-09,1.220257e-09	0.000000	0.849554	0.314753	-2441.585160	26
7	9	1281	0.930408	0.000000	0.069590	0.000001	0.000000	0.000000	0.000000	0.000000	0.000000	0.069591	0.000001	0.000001	0.034795	0.000000	0.000000	0.069590	0.000000	0.069590	0.069591	-0.000000	-1900.825333	58	-1	0.192198	3.160094e-01,2.105732e-01,3.407474e-09,1.770587e-01,2.963586e-01,1.354355e-08,9.478977e-09,3.268578e-10,6.598151e-09	0.000000	0.764536	0.302299	-1958.737266	22
7	10	1681	1.000000	0.000000	0.000000	0.000000	0.000000	0.000000	0.000000	0.000000	0.000000	0.000000	0.000000	0.000000	0.000000	0.000000	0.000000	0.000000	0.000000	0.000000	0.000000	-0.000000	-2524.714622	90	-2524.714632	0.252213	2.604592e-01,2.901366e-01,4.298340e-09,1.601795e-01,2.892245e-01,4.015237e-09,3.967969e-08,4.519542e-08,8.796088e-10	0.000000	0.642270	0.281137	-2551.151846	22
7	11	1547	1.000000	0.000000	0.000000	0.000000	0.000000	0.000000	0.000000	0.000000	0.000000	0.000019	0.000000	0.000000	0.000010	0.000000	0.000000	0.000014	0.000000	0.000014	0.000019	0.000000	-2237.859032	98	-2237.860008	0.232108	3.118109e-01,2.319968e-01,3.418867e-07,2.089487e-01,2.472431e-01,5.465968e-08,1.266573e-09,2.031116e-09,1.466061e-10	0.000001	0.560711	0.264308	-2351.878700	26
7	12	1417	1.000000	0.000000	0.000000	0.000000	0.000000	0.000000	0.000000	0.000000	0.000000	0.000294	0.000001	0.000001	0.000147	0.000001	0.000001	0.000293	0.000000	0.000294	0.000294	-0.000000	-2162.354975	150	-2162.355909	0.212603	2.837922e-01,2.338900e-01,3.119745e-07,1.779920e-01,3.043244e-01,6.116365e-07,1.525836e-07,1.156440e-07,1.077416e-07	0.000002	0.738861	0.298201	-2241.567342	27
7	13	1694	0.991170	0.000000	0.008830	0.000000	0.000000	0.000000	0.000000	0.000000	0.000000	0.008830	0.000000	0.000000	0.004415	0.000000	0.000000	0.008830	0.000000	0.008830	0.008830	-0.000000	-2559.084389	134	-1	0.254164	2.929298e-01,2.268955e-01,2.293915e-07,1.856539e-01,2.945192e-01,2.954441e-07,2.762759e-07,6.885120e-07,1.314054e-08	0.000002	0.713898	0.294051	-2656.607422	26
7	14	1469	1.000000	0.000000	0.000000	0.000000	0.000000	0.000000	0.000000	0.000000	0.000000	0.000002	0.000002	0.000001	0.000001	0.000000	0.000000	0.000002	0.000000	0.000002	0.000003	0.000000	-2164.723466	70	-2164.724341	0.220405	2.525996e-01,2.615752e-01,1.922822e-06,2.236284e-01,2.621936e-01,5.842964e-08,9.358226e-07,1.741023e-07,2.184139e-10	0.000011	0.540375	0.259697	-2243.515156	27
7	15	1544	0.943656	0.000000	0.056344	0.000000	0.000000	0.000000	0.000000	0.000000	0.000000	0.056344	0.000000	0.000000	0.028172	0.000000	0.000000	0.056344	0.000000	0.056344	0.056344	0.000000	-2290.276131	98	-1	0.231658	3.102464e-01,2.170911e-01,6.056808e-08,1.707324e-01,2.992884e-01,2.593180e-08,3.572331e-09,4.515961e-10,2.641593e-03	0.000000	0.771713	0.303415	-2400.818424	31
7	16	1574	1.000000	0.000000	0.000000	0.000000	0.000000	0.000000	0.000000	0.000000	0.000000	0.000005	0.000000	0.000000	0.000003	0.000000	0.000000	0.000005	0.000000	0.000005	0.000005	-0.000000	-2269.177866	66	-2269.178002	0.236159	3.044963e-01,1.982749e-01,1.787377e-09,2.106996e-01,2.865291e-01,1.628859e-08,3.512942e-09,1.683126e-10,6.220177e-08	0.000000	0.700604	0.291771	-2393.921604	22
7	17	1563	1.000000	0.000000	0.000000	0.000000	0.000000	0.000000	0.000000	0.000000	0.000000	0.000006	0.000000	0.000000	0.000003	0.000000	0.000000	0.000006	0.000000	0.000006	0.000006	0.000000	-2376.354568	70	-2376.354760	0.234509	2.898036e-01,2.148193e-01,1.183575e-06,2.163790e-01,2.789947e-01,1.323597e-06,8.240551e-07,1.005460e-07,5.947330e-08	0.000007	0.647017	0.282040	-2478.752111	22
7	18	1524	0.950848	0.000000	0.049151	0.000000	0.000000	0.000000	0.000000	0.000000	0.000000	0.049151	0.000000	0.000000	0.024576	0.000000	0.000000	0.049151	0.000000	0.049151	0.049152	-0.000000	-2256.178230	71	-1	0.228657	2.877674e-01,2.285493e-01,5.348768e-08,1.698436e-01,3.138390e-01,5.789397e-09,6.585691e-07,2.860891e-09,1.181478e-10	0.000002	0.787761	0.305863	-2326.011503	22
7	19	1545	1.000000	0.000000	0.000000	0.000000	0.000000	0.000000	0.000000	0.000000	0.000000	0.000003	0.000003	0.000003	0.000003	0.000003	0.000003	0.000000	0.000003	0.000003	0.000003	-0.000000	-2329.280187	95	-2329.281736	0.231808	2.511128e-01,2.470919e-01,1.628429e-07,1.977596e-01,3.040351e-01,2.943308e-08,1.394129e-07,8.300620e-08,1.922848e-07	0.000001	0.683453	0.288753	-2386.094611	22
8	9	1362	1.000000	0.000000	0.000000	0.000000	0.000000	0.000000	0.000000	0.000000	0.000000	0.000284	0.000000	0.000000	0.000142	0.000000	0.000000	0.000284	0.000000	0.000284	0.000284	0.000000	-1966.813081	222	-1966.813909	0.204351	2.811536e-01,1.889770e-01,1.759231e-08,2.270361e-01,3.028328e-01,9.364747e-09,6.717403e-10,2.225376e-09,4.707272e-07	0.000000	0.727941	0.296407	-2032.149418	22
8	10	1656	0.922768	0.000001	0.077231	0.000000	0.000000	0.000000	0.000000	0.000000	0.000000	0.077232	0.000000	0.000000	0.038616	0.000000	0.000000	0.077231	0.000000	0.077231	0.077232	-0.000000	-2456.965209	86	-1	0.248462	2.584796e-01,2.089900e-01,1.392106e-07,1.719106e-01,3.606193e-01,8.171962e-08,1.632317e-07,1.054032e-07,6.738585e-09	0.000001	0.946753	0.327199	-2483.089593	18
8	11	1460	0.897446	0.000003	0.102552	0.000000	0.000000	0.000000	0.000000	0.000000	0.000000	0.102553	0.000000	0.000000	0.051276	0.000000	0.000000	0.102552	0.000000	0.102552	0.102553	0.000000	-2059.582090	98	-1	0.219055	3.201809e-01,1.403249e-01,1.000324e-07,2.110595e-01,3.284343e-01,1.652941e-07,9.001914e-08,5.341485e-08,4.486354e-08	0.000001	0.934686	0.325745	-2148.769724	22
8	12	1461	0.977304	0.000000	0.022694	0.000001	0.000000	0.000000	0.000000	0.000000	0.000001	0.022695	0.000001	0.000002	0.011348	0.000001	0.000001	0.022694	0.000001	0.022695	0.022695	-0.000000	-2135.373688	98	-1	0.219205	2.597641e-01,1.883531e-01,2.202769e-08,2.045548e-01,3.473279e-01,8.485193e-08,2.573988e-09,1.961476e-08,7.066974e-09	0.000000	0.883993	0.319363	-2194.291707	22
8	13	1602	0.937219	0.000000	0.062780	0.000000	0.000000	0.000000	0.000000	0.000000	0.000000	0.062780	0.000000	0.000000	0.031390	0.000000	0.000000	0.062780	0.000000	0.062780	0.062781	-0.000000	-2348.248569	82	-1	0.240360	2.845260e-01,1.612245e-01,6.092178e-09,2.062186e-01,3.480308e-01,1.233340e-08,4.739092e-09,1.081116e-07,4.348636e-08	0.000000	0.947169	0.327249	-2408.352247	22
8	14	1478	1.000000	0.000000	0.000000	0.000000	0.000000	0.000000	0.000000	0.000000	0.000000	0.000139	0.000000	0.000000	0.000069	0.000000	0.000000	0.000139	0.000000	0.000139	0.000139	-0.000000	-2110.083971	194	-2110.084664	0.221755	2.536814e-01,1.939136e-01,1.223334e-08,2.148450e-01,3.375599e-01,8.131411e-08,1.287549e-09,1.123590e-11,4.187248e-10	0.000000	0.825817	0.311437	-2176.897875	30
8	15	1476	0.976233	0.000000	0.023767	0.000000	0.000000	0.000000	0.000000	0.000000	0.000000	0.023767	0.000000	0.000000	0.011883	0.000000	0.000000	0.023767	0.000000	0.023767	0.023767	0.000000	-2090.091433	123	-1	0.221455	2.754666e-01,1.900328e-01,8.154105e-10,1.983606e-01,3.361399e-01,1.104821e-07,1.837725e-08,1.199038e-08,7.907303e-09	0.000000	0.865462	0.316912	-2170.539132	22
8	16	1633	1.000000	0.000000	0.000000	0.000000	0.000000	0.000000	0.000000	0.000000	0.000000	0.000149	0.000001	0.000001	0.000074	0.000000	0.000000	0.000149	0.000000	0.000149	0.000149	0.000000	-2289.998592	191	-2289.999853	0.245011	3.006252e-01,1.645990e-01,2.197173e-06,2.401092e-01,2.946639e-01,3.809832e-07,4.123360e-08,6.756122e-09,1.724945e-09	0.000008	0.728085	0.296427	-2405.750943	27
8	17	1443	1.000000	0.000000	0.000000	0.000000	0.000000	0.000000	0.000000	0.000000	0.000000	0.000019	0.000000	0.000000	0.000009	0.000000	0.000000	0.000019	0.000000	0.000019	0.000019	-0.000000	-2118.970718	90	-2118.971018	0.216504	2.738767e-01,1.932307e-01,5.931088e-07,2.357070e-01,2.971850e-01,4.421514e-08,4.625719e-09,1.113670e-10,4.613950e-08	0.000002	0.692839	0.290415	-2198.969373	26
8	18	1485	0.915001	0.000001	0.084998	0.000000	0.000000	0.000000	0.000000	0.000000	0.000000	0.084999	0.000000	0.000000	0.042499	0.000000	0.000000	0.084998	0.000000	0.084998	0.084999	0.000000	-2163.887276	74	-1	0.222806	2.679692e-01,1.825171e-01,4.136484e-10,1.853181e-01,3.641956e-01,6.573533e-09,5.981692e-09,6.731026e-08,3.235025e-10	0.000000	0.990105	0.332227	-2231.248897	22
8	19	1562	0.930029	0.000002	0.069969	0.000000	0.000000	0.000000	0.000000	0.000000	0.000000	0.069970	0.000000	0.000000	0.034985	0.000000	0.000000	0.069969	0.000000	0.069969	0.069970	-0.000000	-2203.776555	66	-1	0.234359	2.539379e-01,2.018220e-01,2.791855e-09,1.754461e-01,3.687939e-01,6.040719e-10,2.515624e-10,4.124895e-09,4.679853e-08	0.000000	0.977538	0.330800	-2235.012338	22
9	10	1418	0.913368	0.000000	0.086632	0.000000	0.000000	0.000000	0.000000	0.000000	0.000000	0.086632	0.000000	0.000000	0.043316	0.000000	0.000000	0.086632	0.000000	0.086632	0.086632	0.000000	-2128.909400	178	-1	0.212753	2.678979e-01,2.492770e-01,1.170411e-07,1.465711e-01,3.362518e-01,7.712304e-07,7.105452e-07,4.957119e-07,7.786744e-08	0.000002	0.849442	0.314737	-2147.009562	19
9	11	1284	1.000000	0.000000	0.000000	0.000000	0.000000	0.000000	0.000000	0.000000	0.000000	0.000001	0.000000	0.000000	0.000001	0.000000	0.000000	0.000001	0.000000	0.000001	0.000001	0.000000	-1876.038742	70	-1876.038807	0.192648	3.019964e-01,2.155032e-01,1.382103e-09,2.221616e-01,2.603370e-01,2.191603e-08,1.713074e-06,4.364990e-10,6.069943e-09	0.000007	0.594830	0.271651	-1967.154649	22
9	12	1235	0.888564	0.000001	0.111434	0.000000	0.000000	0.000000	0.000000	0.000000	0.000000	0.111435	0.000000	0.000001	0.055718	0.000000	0.000000	0.111434	0.000000	0.111434	0.111435	-0.000000	-1806.602591	66	-1	0.185296	3.106504e-01,2.000188e-01,2.254924e-11,1.585437e-01,3.307861e-01,9.401311e-11,9.051629e-07,1.619526e-10,8.748126e-11	0.000003	0.922532	0.324256	-1862.722920	30
9	13	1365	1.000000	0.000000	0.000000	0.000000	0.000000	0.000000	0.000000	0.000000	0.000000	0.000001	0.000000	0.000000	0.000000	0.000000	0.000000	0.000001	0.000000	0.000001	0.000001	-0.000000	-2020.514291	98	-2020.514307	0.204801	2.827466e-01,2.312334e-01,2.705559e-08,2.104157e-01,2.756041e-01,7.502709e-08,1.691626e-08,2.982331e-09,1.530083e-07	0.000000	0.624034	0.277587	-2094.505526	22
9	14	1293	0.907410	0.000030	0.092559	0.000000	0.000000	0.000000	0.000000	0.000000	0.000000	0.092575	0.000000	0.000000	0.046287	0.000000	0.000000	0.092559	0.000000	0.092559	0.092575	-0.000000	-1829.318471	366	-1	0.193998	3.204527e-01,1.818604e-01,4.516721e-09,1.856787e-01,3.120072e-01,1.449077e-10,3.028749e-08,7.706364e-07,1.904638e-07	0.000000	0.848907	0.314665	-1909.344736	22
9	15	1293	1.000000	0.000000	0.000000	0.000000	0.000000	0.000000	0.000000	0.000000	0.000000	0.000001	0.000000	0.000000	0.000000	0.000000	0.000000	0.000000	0.000000	0.000000	0.000001	0.000000	-1823.029447	58	-1823.029496	0.193998	2.668051e-01,2.439183e-01,1.359657e-09,2.244958e-01,2.647788e-01,3.656668e-11,1.372165e-09,1.188472e-06,7.780022e-07	0.000000	0.565265	0.265317	-1900.542452	19
9	16	1345	1.000000	0.000000	0.000000	0.000000	0.000000	0.000000	0.000000	0.000000	0.000000	0.000024	0.000001	0.000001	0.000012	0.000001	0.000001	0.000023	0.000001	0.000024	0.000024	0.000000	-1907.338548	93	-1907.339104	0.201800	3.267815e-01,2.092457e-01,1.101321e-08,2.012297e-01,2.627426e-01,1.383965e-09,1.075445e-08,4.094054e-07,5.945534e-08	0.000000	0.640093	0.280720	-1998.652069	30
9	17	1416	1.000000	0.000000	0.000000	0.000000	0.000000	0.000000	0.000000	0.000000	0.000000	0.000053	0.000000	0.000000	0.000027	0.000000	0.000000	0.000053	0.000000	0.000053	0.000053	-0.000000	-2121.970700	114	-2121.971632	0.212453	2.920773e-01,2.035558e-01,9.177489e-08,2.178857e-01,2.864809e-01,1.593651e-07,4.185360e-09,1.194237e-07,1.488028e-08	0.000000	0.679764	0.288093	-2218.744464	26
9	18	1330	0.938431	0.000000	0.061568	0.000000	0.000000	0.000000	0.000000	0.000000	0.000000	0.061568	0.000000	0.000000	0.030784	0.000000	0.000000	0.061568	0.000000	0.061568	0.061568	0.000000	-1883.201516	66	-1	0.199550	2.988317e-01,2.195302e-01,1.757119e-08,1.651338e-01,3.165041e-01,1.135347e-07,6.419769e-08,2.179277e-08,6.159183e-08	0.000000	0.822806	0.311008	-1950.710389	22
9	19	1365	0.980614	0.000000	0.019386	0.000000	0.000000	0.000000	0.000000	0.000000	0.000000	0.019386	0.000000	0.000000	0.009693	0.000000	0.000000	0.019386	0.000000	0.019386	0.019386	-0.000000	-1936.070811	130	-1	0.204801	2.764161e-01,2.353957e-01,2.377043e-07,1.803581e-01,3.078297e-01,3.234002e-08,1.383597e-09,8.839791e-08,5.596588e-08	0.000001	0.740413	0.298454	-1982.728550	26
10	11	1608	0.966372	0.000004	0.033624	0.000000	0.000000	0.000000	0.000000	0.000000	0.000000	0.033626	0.000000	0.000000	0.016813	0.000000	0.000000	0.033624	0.000000	0.033624	0.033626	-0.000000	-2308.568989	70	-1	0.241260	2.904464e-01,1.263920e-01,9.548534e-08,2.635801e-01,3.195793e-01,2.109948e-06,5.468135e-09,4.423245e-11,6.663285e-10	0.000000	0.819488	0.310532	-2351.281014	26
10	12	1542	1.000000	0.000000	0.000000	0.000000	0.000000	0.000000	0.000000	0.000000	0.000000	0.000143	0.000000	0.000000	0.000072	0.000000	0.000000	0.000143	0.000000	0.000143	0.000144	-0.000000	-2340.865572	166	-2340.866454	0.231358	2.344082e-01,1.766098e-01,3.218980e-06,2.511177e-01,3.378588e-01,5.871495e-09,3.533549e-07,4.662664e-09,1.898939e-06	0.000011	0.789886	0.306179	-2368.116385	31
10	13	1816	0.967349	0.000000	0.032651	0.000000	0.000000	0.000000	0.000000	0.000000	0.000000	0.032651	0.000000	0.000000	0.016326	0.000000	0.000000	0.032651	0.000000	0.032651	0.032651	0.000000	-2697.711031	106	-1	0.272468	2.464270e-01,1.597217e-01,9.672951e-09,2.485377e-01,3.453132e-01,2.489184e-08,1.503016e-08,1.317518e-07,5.488447e-08	0.000000	0.845818	0.314239	-2732.234911	22
10	14	1554	0.947190	0.000018	0.052792	0.000000	0.000000	0.000000	0.000000	0.000000	0.000000	0.052801	0.000000	0.000000	0.026401	0.000000	0.000000	0.052792	0.000000	0.052792	0.052801	-0.000000	-2248.311032	94	-1	0.233158	2.680864e-01,1.446188e-01,1.592283e-07,2.405142e-01,3.467800e-01,3.806901e-07,1.312032e-10,2.709974e-09,1.662049e-09	0.000000	0.900415	0.321481	-2272.595756	30
10	15	1648	0.845247	0.000019	0.154734	0.000000	0.000000	0.000000	0.000000	0.000000	0.000000	0.154743	0.000000	0.000000	0.077372	0.000000	0.000000	0.154734	0.000000	0.154734	0.154744	-0.000000	-2406.236731	54	-1	0.247262	2.776046e-01,1.465734e-01,5.982465e-07,1.921671e-01,3.836542e-01,5.199047e-08,2.062534e-08,3.245103e-10,3.203033e-09	0.000002	1.132588	0.346868	-2426.003111	18
10	16	1728	0.932825	0.000000	0.067173	0.000001	0.000000	0.000000	0.000000	0.000000	0.000000	0.067173	0.000000	0.000001	0.033587	0.000000	0.000000	0.067173	0.000000	0.067173	0.067174	-0.000001	-2526.997099	86	-1	0.259265	2.837844e-01,1.409489e-01,8.879708e-07,2.261581e-01,3.491075e-01,1.117674e-07,6.254129e-08,3.509997e-08,8.665284e-09	0.000003	0.950967	0.327700	-2569.057935	22
10	17	1651	1.000000	0.000000	0.000000	0.000000	0.000000	0.000000	0.000000	0.000000	0.000000	0.000032	0.000000	0.000000	0.000016	0.000000	0.000000	0.000032	0.000000	0.000032	0.000032	0.000000	-2520.583502	110	-2520.584344	0.247712	2.334831e-01,1.746732e-01,2.181362e-05,2.545416e-01,3.372793e-01,1.005927e-06,2.599236e-08,3.849932e-08,4.013402e-09	0.000065	0.785763	0.305529	-2565.670862	46
10	18	1614	0.904375	0.000011	0.095614	0.000000	0.000000	0.000000	0.000000	0.000000	0.000000	0.095619	0.000000	0.000000	0.047810	0.000000	0.000000	0.095614	0.000000	0.095614	0.095619	-0.000000	-2343.997590	126	-1	0.242161	2.712341e-01,1.499978e-01,3.922929e-08,2.195434e-01,3.592246e-01,3.324505e-08,1.548312e-09,5.652839e-10,1.151967e-07	0.000000	0.972082	0.330172	-2377.616376	18
10	19	1608	0.879029	0.000003	0.120967	0.000000	0.000000	0.000000	0.000000	0.000000	0.000000	0.120968	0.000000	0.000001	0.060484	0.000000	0.000000	0.120967	0.000000	0.120967	0.120969	-0.000000	-2361.939752	62	-1	0.241260	2.439968e-01,1.749320e-01,1.003350e-06,1.826842e-01,3.983857e-01,5.754671e-08,2.969369e-13,3.677755e-09,3.269602e-07	0.000003	1.114000	0.345104	-2353.818794	18
11	12	1409	0.960047	0.000000	0.039952	0.000000	0.000000	0.000000	0.000000	0.000000	0.000000	0.039953	0.000000	0.000000	0.019976	0.000000	0.000000	0.039952	0.000000	0.039952	0.039953	-0.000000	-2048.072981	74	-1	0.211403	3.079714e-01,2.356222e-01,1.778486e-07,1.589996e-01,2.974061e-01,1.907779e-07,3.971322e-08,2.553656e-07,8.224211e-09	0.000001	0.753647	0.300581	-2142.080424	26
11	13	1585	0.990182	0.000000	0.009818	0.000000	0.000000	0.000000	0.000000	0.000000	0.000000	0.009818	0.000000	0.000000	0.004909	0.000000	0.000000	0.009818	0.000000	0.009818	0.009818	-0.000000	-2267.929305	131	-1	0.237809	3.098550e-01,2.148171e-01,1.620519e-07,1.755074e-01,2.998202e-01,2.105347e-08,1.222606e-09,2.921294e-09,9.152094e-08	0.000001	0.768130	0.302859	-2369.210833	26
11	14	1462	1.000000	0.000000	0.000000	0.000000	0.000000	0.000000	0.000000	0.000000	0.000000	0.000002	0.000002	0.000002	0.000002	0.000002	0.000002	0.000000	0.000002	0.000002	0.000002	-0.000000	-2031.163034	63	-2031.164179	0.219355	2.667820e-01,2.743147e-01,4.477099e-07,2.232744e-01,2.356283e-01,7.563676e-08,3.895037e-08,9.868375e-08,2.139042e-09	0.000002	0.473539	0.243204	-2166.957987	26
11	15	1564	1.000000	0.000000	0.000000	0.000000	0.000000	0.000000	0.000000	0.000000	0.000000	0.000020	0.000000	0.000000	0.000010	0.000000	0.000000	0.000019	0.000000	0.000020	0.000020	-0.000000	-2216.579057	102	-2216.579889	0.234659	2.907718e-01,2.360613e-01,6.324778e-08,1.817258e-01,2.914396e-01,1.063074e-08,1.852493e-07,6.198681e-09,1.179852e-06	0.000001	0.697579	0.291245	-2332.609779	23
11	16	1574	0.954615	0.000002	0.045383	0.000000	0.000000	0.000000	0.000000	0.000000	0.000000	0.045384	0.000000	0.000000	0.022692	0.000000	0.000000	0.045383	0.000000	0.045383	0.045384	-0.000000	-2263.818253	86	-1	0.236159	3.207211e-01,1.964446e-01,4.135951e-09,1.902293e-01,2.926040e-01,5.658368e-10,1.813861e-07,8.390801e-07,3.309388e-09	0.000001	0.756718	0.301069	-2376.239020	22
11	17	1421	1.000000	0.000000	0.000000	0.000000	0.000000	0.000000	0.000000	0.000000	0.000000	0.000003	0.000000	0.000000	0.000001	0.000000	0.000000	0.000000	0.000000	0.000000	0.000003	0.000000	-2125.501215	86	-2125.501550	0.213203	3.043220e-01,2.211495e-01,7.472381e-08,2.117453e-01,2.627825e-01,1.122508e-07,1.539183e-07,1.417010e-07,2.655302e-07	0.000001	0.607035	0.274171	-2232.105091	23
11	18	1489	0.997770	0.000000	0.002230	0.000000	0.000000	0.000000	0.000000	0.000000	0.000000	0.002230	0.000000	0.000000	0.001115	0.000000	0.000000	0.002230	0.000000	0.002230	0.002230	-0.000000	-2122.966460	206	-1	0.223406	2.930959e-01,2.288366e-01,1.211835e-06,1.910732e-01,2.869910e-01,6.538201e-07,1.418958e-07,5.222352e-07,7.220950e-07	0.000005	0.683454	0.288752	-2217.061266	43
11	19	1519	1.000000	0.000000	0.000000	0.000000	0.000000	0.000000	0.000000	0.000000	0.000000	0.000008	0.000000	0.000000	0.000004	0.000000	0.000000	0.000006	0.000000	0.000006	0.000008	0.000000	-2209.165532	74	-2209.166178	0.227907	2.820645e-01,2.718369e-01,4.420494e-10,1.775099e-01,2.685878e-01,5.386456e-11,4.789408e-09,9.338292e-07,1.210304e-10	0.000000	0.597728	0.272257	-2300.586780	30
12	13	1534	1.000000	0.000000	0.000000	0.000000	0.000000	0.000000	0.000000	0.000000	0.000000	0.000058	0.000002	0.000000	0.000029	0.000000	0.000000	0.000058	0.000000	0.000058	0.000059	0.000001	-2273.382446	130	-2273.383623	0.230158	2.636680e-01,2.068395e-01,5.590765e-07,2.170214e-01,3.124680e-01,1.509875e-06,8.340163e-07,9.170868e-08,1.768806e-08	0.000004	0.737189	0.297927	-2357.905158	23
12	14	1423	0.957604	0.000002	0.042394	0.000000	0.000000	0.000000	0.000000	0.000000	0.000000	0.042395	0.000000	0.000000	0.021198	0.000000	0.000000	0.042394	0.000000	0.042394	0.042395	0.000000	-2081.997352	114	-1	0.213503	2.826409e-01,1.887269e-01,1.111401e-07,2.017185e-01,3.262965e-01,9.991649e-10,6.815699e-10,1.212291e-07,6.169317e-04	0.000000	0.835703	0.312832	-2177.289994	22
12	15	1453	1.000000	0.000000	0.000000	0.000000	0.000000	0.000000	0.000000	0.000000	0.000000	0.000031	0.000001	0.000001	0.000016	0.000001	0.000001	0.000030	0.000001	0.000031	0.000031	-0.000000	-2094.152297	91	-2094.153621	0.218005	2.498540e-01,2.056770e-01,1.041729e-08,2.259248e-01,3.185438e-01,3.826891e-09,3.592502e-07,2.014138e-08,1.060507e-08	0.000001	0.738050	0.298069	-2171.050992	26
12	16	1530	1.000000	0.000000	0.000000	0.000000	0.000000	0.000000	0.000000	0.000000	0.000000	0.000043	0.000000	0.000000	0.000022	0.000000	0.000000	0.000042	0.000000	0.000042	0.000043	0.000000	-2147.847605	86	-2147.848559	0.229557	3.018845e-01,1.974134e-01,2.334254e-08,2.282343e-01,2.724677e-01,3.386153e-08,6.334722e-10,6.498369e-10,1.769523e-09	0.000000	0.640125	0.280726	-2249.557624	22
12	17	1437	1.000000	0.000000	0.000000	0.000000	0.000000	0.000000	0.000000	0.000000	0.000000	0.000027	0.000001	0.000001	0.000014	0.000000	0.000001	0.000025	0.000000	0.000025	0.000027	0.000000	-2165.894802	71	-2165.896071	0.215604	2.727880e-01,2.021330e-01,5.010736e-08,2.379349e-01,2.871438e-01,9.876164e-08,2.744617e-08,5.433305e-09,4.919212e-08	0.000000	0.652499	0.283080	-2252.726752	22
12	18	1473	0.909733	0.000000	0.090267	0.000000	0.000000	0.000000	0.000000	0.000000	0.000000	0.090267	0.000000	0.000000	0.045134	0.000000	0.000000	0.090267	0.000000	0.090267	0.090267	-0.000000	-2121.537271	94	-1	0.221005	2.904803e-01,1.917934e-01,3.006646e-08,1.794180e-01,3.383079e-01,2.009317e-07,2.891375e-08,9.361501e-09,1.217470e-07	0.000000	0.911361	0.322866	-2195.538292	22
12	19	1370	1.000000	0.000000	0.000000	0.000000	0.000000	0.000000	0.000000	0.000000	0.000000	0.000029	0.000000	0.000000	0.000015	0.000000	0.000000	0.000029	0.000000	0.000029	0.000029	-0.000000	-1939.000229	138	-1939.000522	0.205551	2.550973e-01,2.057756e-01,8.679390e-09,2.167422e-01,3.223843e-01,4.499543e-07,1.293422e-07,1.427579e-08,5.898300e-08	0.000000	0.763006	0.302059	-1994.856986	18
13	14	1474	0.990872	0.000000	0.009125	0.000003	0.000000	0.000000	0.000000	0.000000	0.000000	0.009125	0.000000	0.000004	0.004563	0.000000	0.000000	0.009125	0.000000	0.009125	0.009127	-0.000002	-2006.697821	122	-1	0.221155	2.844282e-01,2.064654e-01,2.281368e-08,2.020286e-01,3.070221e-01,4.672941e-08,2.380909e-08,1.659091e-08,5.562052e-05	0.000000	0.751595	0.300255	-2138.140179	50
13	15	1581	1.000000	0.000000	0.000000	0.000000	0.000000	0.000000	0.000000	0.000000	0.000000	0.000015	0.000000	0.000000	0.000008	0.000000	0.000000	0.000015	0.000000	0.000015	0.000015	0.000000	-2238.031680	94	-2238.032611	0.237209	2.605109e-01,2.305686e-01,5.942142e-07,2.068745e-01,3.020440e-01,4.216782e-07,4.050526e-07,5.869597e-07,2.496132e-09	0.000003	0.690473	0.289998	-2346.601944	26
13	16	1588	1.000000	0.000000	0.000000	0.000000	0.000000	0.000000	0.000000	0.000000	0.000000	0.000058	0.000000	0.000000	0.000029	0.000000	0.000000	0.000058	0.000000	0.000058	0.000058	0.000000	-2204.046244	98	-2204.046987	0.238260	3.140779e-01,2.010852e-01,5.325283e-09,2.113988e-01,2.734380e-01,1.646633e-09,5.339826e-09,6.384855e-09,5.120105e-09	0.000000	0.662906	0.285021	-2310.338005	22
13	17	1633	0.951375	0.000000	0.048624	0.000000	0.000000	0.000000	0.000000	0.000000	0.000000	0.048624	0.000000	0.000000	0.024312	0.000000	0.000000	0.048624	0.000000	0.048624	0.048624	0.000000	-2431.316356	82	-1	0.245011	2.964450e-01,1.948625e-01,2.463055e-07,2.040851e-01,3.046061e-01,7.721859e-07,7.914706e-08,2.345121e-10,1.154226e-07	0.000001	0.763522	0.302140	-2517.862557	23
13	18	1653	0.851217	0.000001	0.148782	0.000000	0.000000	0.000000	0.000000	0.000000	0.000000	0.148782	0.000000	0.000000	0.074391	0.000000	0.000000	0.148782	0.000000	0.148782	0.148782	-0.000000	-2394.280608	86	-1	0.248012	3.048446e-01,1.763666e-01,2.915238e-07,1.559553e-01,3.628329e-01,2.148662e-07,1.775347e-08,1.150600e-07,2.073465e-08	0.000001	1.091810	0.342946	-2445.008653	19
13	19	1660	0.998338	0.000003	0.001659	0.000000	0.000000	0.000000	0.000000	0.000000	0.000000	0.001661	0.000000	0.000000	0.000830	0.000000	0.000000	0.001659	0.000000	0.001659	0.001661	-0.000000	-2331.121441	142	-1	0.249062	2.678315e-01,2.214223e-01,4.782134e-10,1.939630e-01,3.167830e-01,4.347175e-09,1.463383e-09,7.919935e-11,1.314112e-07	0.000000	0.762624	0.302000	-2408.617360	22
14	15	1514	0.906956	0.000030	0.093014	0.000000	0.000000	0.000000	0.000000	0.000000	0.000000	0.093029	0.000000	0.000000	0.046514	0.000000	0.000000	0.093014	0.000000	0.093014	0.093029	-0.000000	-2176.515233	94	-1	0.227157	2.871305e-01,1.952464e-01,1.132598e-07,1.824726e-01,3.351500e-01,1.613231e-07,1.857127e-12,2.179581e-07,2.497163e-08	0.000000	0.887299	0.319793	-2241.423818	26
14	16	1619	1.000000	0.000000	0.000000	0.000000	0.000000	0.000000	0.000000	0.000000	0.000000	0.000090	0.000000	0.000000	0.000045	0.000000	0.000000	0.000089	0.000000	0.000089	0.000090	0.000000	-2239.437002	90	-2239.437795	0.242911	3.176127e-01,1.958922e-01,2.151576e-07,2.114416e-01,2.750500e-01,8.496434e-10,1.823587e-06,1.383626e-06,5.538214e-08	0.000007	0.675239	0.287274	-2361.777038	23
14	17	1512	1.000000	0.000000	0.000000	0.000000	0.000000	0.000000	0.000000	0.000000	0.000000	0.000003	0.000002	0.000002	0.000002	0.000002	0.000002	0.000000	0.000002	0.000002	0.000003	0.000000	-2209.535144	62	-2209.536206	0.226857	2.678112e-01,2.282794e-01,2.036588e-07,2.593037e-01,2.446049e-01,1.548511e-08,6.868202e-08,3.229602e-08,3.783513e-07	0.000001	0.501668	0.250416	-2306.542766	30
14	18	1441	0.937438	0.000004	0.062557	0.000000	0.000000	0.000000	0.000000	0.000000	0.000000	0.062560	0.000000	0.000000	0.031280	0.000000	0.000000	0.062557	0.000000	0.062557	0.062560	-0.000000	-1938.993618	74	-1	0.216204	3.035707e-01,2.067490e-01,2.054108e-07,1.690455e-01,3.206343e-01,1.098734e-07,1.035778e-07,3.180402e-08,5.129213e-08	0.000001	0.853216	0.315254	-2028.213095	26
14	19	1533	0.911630	0.000006	0.088362	0.000000	0.000000	0.000000	0.000000	0.000000	0.000001	0.088366	0.000002	0.000002	0.044184	0.000001	0.000001	0.088362	0.000001	0.088364	0.088367	0.000000	-2152.384815	103	-1	0.230008	2.696383e-01,1.959859e-01,2.301353e-07,1.678590e-01,3.665155e-01,3.957993e-08,5.603766e-09,2.439329e-07,8.443393e-07	0.000001	1.007338	0.334144	-2220.098571	22
15	16	1587	0.874699	0.000007	0.125293	0.000000	0.000000	0.000000	0.000000	0.000000	0.000000	0.125297	0.000000	0.000000	0.062648	0.000000	0.000000	0.125293	0.000000	0.125293	0.125297	-0.000000	-2262.317995	66	-1	0.238110	3.122273e-01,1.507133e-01,4.017079e-07,1.888047e-01,3.482530e-01,3.493982e-07,6.802541e-07,4.770056e-08,2.306055e-07	0.000003	1.025723	0.336142	-2372.559295	19
15	17	1515	0.966923	0.000000	0.033074	0.000003	0.000000	0.000000	0.000000	0.000000	0.000000	0.033074	0.000000	0.000003	0.016537	0.000000	0.000000	0.033074	0.000000	0.033074	0.033076	-0.000001	-2232.681031	82	-1	0.227307	2.883912e-01,1.789271e-01,7.361857e-08,2.161242e-01,3.162687e-01,2.309820e-08,4.775482e-12,3.852398e-07,2.883380e-04	0.000000	0.800575	0.307777	-2326.147430	39
15	18	1455	0.921125	0.000000	0.078874	0.000000	0.000000	0.000000	0.000000	0.000000	0.000000	0.078875	0.000001	0.000001	0.039438	0.000000	0.000000	0.078874	0.000000	0.078874	0.078875	0.000000	-2018.985289	74	-1	0.218305	2.946681e-01,1.768477e-01,3.060486e-08,1.936092e-01,3.348747e-01,5.559056e-08,1.792037e-07,3.095593e-08,4.083318e-08	0.000001	0.903950	0.321931	-2094.765945	18
15	19	1527	0.878615	0.000012	0.121372	0.000000	0.000000	0.000000	0.000000	0.000000	0.000000	0.121379	0.000000	0.000000	0.060690	0.000000	0.000000	0.121372	0.000000	0.121373	0.121379	-0.000000	-2099.777390	58	-1	0.229107	3.105621e-01,1.916355e-01,1.194655e-07,1.612394e-01,3.365618e-01,1.423643e-07,3.295807e-07,6.276511e-07,1.290847e-08	0.000001	0.953767	0.328032	-2175.643202	19
16	17	1598	1.000000	0.000000	0.000000	0.000000	0.000000	0.000000	0.000000	0.000000	0.000000	0.000003	0.000000	0.000000	0.000002	0.000000	0.000000	0.000003	0.000000	0.000003	0.000003	-0.000000	-2339.206207	58	-2339.206378	0.239760	3.055228e-01,2.223297e-01,1.159788e-07,2.074545e-01,2.646926e-01,1.646115e-08,1.585726e-07,8.513390e-08,2.265614e-09	0.000001	0.615873	0.275960	-2448.447421	26
16	18	1599	0.973268	0.000000	0.026732	0.000000	0.000000	0.000000	0.000000	0.000000	0.000000	0.026732	0.000000	0.000000	0.013366	0.000000	0.000000	0.026732	0.000000	0.026732	0.026732	0.000000	-2246.227979	110	-1	0.239910	3.017771e-01,2.158595e-01,1.493791e-08,1.660858e-01,3.162764e-01,2.688541e-08,9.614576e-07,3.920761e-10,2.021210e-07	0.000003	0.828065	0.311755	-2346.798250	22
16	19	1533	1.000000	0.000000	0.000000	0.000000	0.000000	0.000000	0.000000	0.000000	0.000000	0.000006	0.000000	0.000000	0.000003	0.000000	0.000000	0.000005	0.000000	0.000005	0.000006	-0.000000	-2138.890961	82	-2138.891444	0.230008	2.820410e-01,2.656041e-01,3.444280e-12,1.925080e-01,2.598449e-01,1.192177e-11,1.167980e-06,1.257704e-13,8.458385e-07	0.000004	0.567207	0.265741	-2222.976119	27
17	18	1550	1.000000	0.000000	0.000000	0.000000	0.000000	0.000000	0.000000	0.000000	0.000000	0.000036	0.000000	0.000001	0.000018	0.000000	0.000000	0.000034	0.000000	0.000034	0.000036	-0.000000	-2296.650322	74	-2296.651393	0.232558	2.750988e-01,2.229504e-01,1.769243e-07,1.886951e-01,3.132549e-01,1.382972e-07,3.939259e-07,1.077729e-09,7.263577e-08	0.000002	0.760981	0.301741	-2379.788585	22
17	19	1515	0.967225	0.000005	0.032769	0.000000	0.000000	0.000000	0.000000	0.000000	0.000000	0.032772	0.000000	0.000000	0.016386	0.000000	0.000000	0.032769	0.000000	0.032769	0.032772	-0.000000	-2223.403438	74	-1	0.227307	2.818150e-01,2.118642e-01,2.866683e-08,1.974993e-01,3.088195e-01,3.185248e-07,3.363157e-07,1.313687e-06,1.761584e-08	0.000001	0.754386	0.300699	-2272.316836	22
18	19	1562	0.920384	0.000006	0.079610	0.000000	0.000000	0.000000	0.000000	0.000000	0.000000	0.079614	0.000000	0.000000	0.039807	0.000000	0.000000	0.079610	0.000000	0.079611	0.079614	0.000000	-2181.289535	102	-1	0.234359	2.716523e-01,1.870268e-01,5.426711e-09,1.807805e-01,3.605403e-01,8.683778e-10,2.329212e-08,3.009832e-09,1.264045e-08	0.000000	0.980242	0.331109	-2244.154115	19
