a	b	ida	idb	nSites	J9	J8	J7	J6	J5	J4	J3	J2	J1	rab	Fa	Fb	theta	inbred_relatedness_1_2	inbred_relatedness_2_1	fraternity	identity	zygosity	2of3_IDB	F_diff_a_b	loglh	nIter	bestoptimll	coverage	2dsfs	R0	R1	KING	2dsfs_loglike	2dsfsf_niter
0	1	s10	s11	1372282	1.000000	0.000000	0.000000	0.000000	0.000000	0.000000	0.000000	0.000000	0.000000	0.000003	0.000002	0.000006	0.000002	0.000002	0.000002	0.000000	0.000002	0.000002	0.000005	-0.000002	-1811122.809823	66	-1811123.538505	0.993694	4.658150e-01,1.571326e-01,2.128990e-02,1.885473e-01,1.039082e-01,1.925660e-02,2.047789e-02,1.803417e-02,5.538357e-03	0.401968	0.244640	0.034484	-2109415.853792	6
0	2	s10	s12	1372449	1.000000	0.000000	0.000000	0.000000	0.000000	0.000000	0.000000	0.000000	0.000000	0.000004	0.000002	0.000003	0.000003	0.000002	0.000002	0.000000	0.000002	0.000002	0.000004	-0.000000	-1820049.795793	62	-1820050.661820	0.993815	4.566142e-01,1.663927e-01,2.120016e-02,1.896851e-01,1.040155e-01,1.803152e-02,2.117896e-02,1.788767e-02,4.994124e-03	0.407431	0.239460	0.032094	-2117866.419967	6
0	3	s10	s13	1372108	1.000000	0.000000	0.000000	0.000000	0.000000	0.000000	0.000000	0.000000	0.000000	0.000005	0.000003	0.000010	0.000004	0.000003	0.000003	0.000000	0.000003	0.000003	0.000008	-0.000004	-1817509.169001	47	-1817510.388913	0.993568	4.633633e-01,1.591581e-01,2.175742e-02,1.884352e-01,1.040413e-01,1.917688e-02,2.031724e-02,1.824105e-02,5.509424e-03	0.404403	0.243607	0.033539	-2114136.747328	6
0	4	s10	s14	1372909	0.494162	0.330645	0.175190	0.000000	0.000000	0.000002	0.000001	0.000000	0.000000	0.340514	0.000003	0.000000	0.170257	0.000001	0.000000	0.175190	0.000000	0.175190	0.340515	0.000001	-1766549.922399	66	-1	0.994148	5.194273e-01,1.163266e-01,8.253148e-03,1.188797e-01,1.707651e-01,2.227564e-02,8.169411e-03,2.191566e-02,1.398751e-02	0.096170	0.577260	0.222119	-1997914.056732	6
0	5	s10	s15	1372353	1.000000	0.000000	0.000000	0.000000	0.000000	0.000000	0.000000	0.000000	0.000000	0.000004	0.000004	0.000004	0.000004	0.000004	0.000004	0.000000	0.000004	0.000004	0.000004	-0.000000	-1840983.823445	51	-1840984.845040	0.993746	4.535619e-01,1.689197e-01,2.164812e-02,1.749553e-01,1.187030e-01,1.814243e-02,2.127005e-02,1.770792e-02,5.091656e-03	0.361559	0.280858	0.053257	-2133794.534844	6
0	6	s10	s16	1372203	1.000000	0.000000	0.000000	0.000000	0.000000	0.000000	0.000000	0.000000	0.000000	0.000001	0.000000	0.000014	0.000001	0.000000	0.000000	0.000000	0.000000	0.000000	0.000008	-0.000007	-1818081.202898	58	-1818081.819764	0.993637	4.682147e-01,1.540672e-01,2.192980e-02,1.864207e-01,1.047723e-01,2.053370e-02,2.013219e-02,1.791281e-02,6.016561e-03	0.401461	0.248868	0.035088	-2112849.453749	6
0	7	s10	s17	1372597	1.000000	0.000000	0.000000	0.000000	0.000000	0.000000	0.000000	0.000000	0.000000	0.000005	0.000004	0.000004	0.000004	0.000004	0.000004	0.000000	0.000004	0.000004	0.000005	-0.000000	-1829507.770815	59	-1829508.907445	0.993922	4.555073e-01,1.683221e-01,2.031106e-02,1.734784e-01,1.206150e-01,1.769166e-02,2.091762e-02,1.800546e-02,5.151352e-03	0.341820	0.288052	0.061671	-2127860.041014	6
0	8	s10	s18	1372198	1.000000	0.000000	0.000000	0.000000	0.000000	0.000000	0.000000	0.000000	0.000000	0.000007	0.000000	0.000000	0.000004	0.000000	0.000000	0.000001	0.000000	0.000001	0.000007	-0.000000	-1832330.296451	58	-1832330.824752	0.993634	4.609259e-01,1.617211e-01,2.148719e-02,1.730059e-01,1.195545e-01,1.926248e-02,2.027139e-02,1.827162e-02,5.499982e-03	0.349285	0.288765	0.058945	-2127460.769396	6
0	9	s10	s19	1372129	1.000000	0.000000	0.000000	0.000000	0.000000	0.000000	0.000000	0.000000	0.000000	0.000003	0.000001	0.000002	0.000002	0.000001	0.000001	0.000000	0.000001	0.000001	0.000004	-0.000001	-1805286.676811	58	-1805287.428684	0.993584	4.559336e-01,1.668206e-01,2.143892e-02,1.903264e-01,1.034235e-01,1.796697e-02,2.135611e-02,1.803358e-02,4.700266e-03	0.413784	0.237241	0.029723	-2118052.190912	6
0	10	s10	S1	1372680	0.978975	0.000015	0.021010	0.000000	0.000000	0.000000	0.000000	0.000000	0.000000	0.021017	0.000000	0.000000	0.010509	0.000000	0.000000	0.021010	0.000000	0.021010	0.021017	-0.000000	-1832329.640094	74	-1	0.993983	4.703394e-01,1.534314e-01,2.034236e-02,1.648601e-01,1.267064e-01,2.027423e-02,1.825445e-02,1.909288e-02,6.698909e-03	0.304616	0.319759	0.081026	-2119250.868425	6
0	11	s10	s20	1374642	0.847915	0.019133	0.132951	0.000000	0.000000	0.000000	0.000000	0.000000	0.000000	0.142518	0.000000	0.000000	0.071259	0.000000	0.000000	0.132951	0.000000	0.132951	0.142518	-0.000000	-2054299.725954	270	-1	0.995403	2.869856e-01,3.577381e-01,2.046566e-11,2.755937e-02,2.836598e-01,1.920326e-05,4.156225e-05,4.349154e-02,5.048386e-04	0.000147	0.661443	0.284679	-1816973.953866	10
0	12	s10	S2	1372321	1.000000	0.000000	0.000000	0.000000	0.000000	0.000000	0.000000	0.000000	0.000000	0.000001	0.000000	0.000010	0.000001	0.000000	0.000000	0.000000	0.000000	0.000000	0.000006	-0.000005	-1812389.048162	62	-1812389.579155	0.993723	4.669289e-01,1.557089e-01,2.159320e-02,1.883060e-01,1.040399e-01,1.938178e-02,2.025410e-02,1.787095e-02,5.916292e-03	0.402224	0.245890	0.034522	-2109725.898682	6
0	13	s10	s3	1372382	1.000000	0.000000	0.000000	0.000000	0.000000	0.000000	0.000000	0.000000	0.000000	0.000003	0.000002	0.000012	0.000002	0.000002	0.000002	0.000000	0.000002	0.000002	0.000008	-0.000005	-1807613.194515	59	-1807614.373445	0.993767	4.618801e-01,1.604476e-01,2.189822e-02,1.902762e-01,1.026429e-01,1.877175e-02,2.133133e-02,1.779732e-02,4.954574e-03	0.421164	0.238415	0.027311	-2113692.774524	6
0	14	s10	s4	1372322	1.000000	0.000000	0.000000	0.000000	0.000000	0.000000	0.000000	0.000000	0.000000	0.000012	0.000002	0.000002	0.000007	0.000002	0.000002	0.000004	0.000002	0.000006	0.000012	-0.000000	-1831477.620693	74	-1831478.705143	0.993723	4.639775e-01,1.581907e-01,2.201351e-02,1.740185e-01,1.178254e-01,1.996930e-02,2.004958e-02,1.791207e-02,6.043392e-03	0.356995	0.285877	0.055633	-2126491.574312	6
0	15	s10	s5	1372239	0.989947	0.000000	0.000000	0.010053	0.000000	0.000000	0.000000	0.000000	0.000000	0.000000	0.000000	0.010053	0.000000	0.000000	0.000000	0.000000	0.000000	0.000000	0.005027	-0.005026	-1850656.416732	66	-1	0.993663	4.621782e-01,1.510521e-01,3.082017e-02,1.804305e-01,1.098543e-01,2.156270e-02,2.250126e-02,1.606427e-02,5.536497e-03	0.485383	0.260053	0.005454	-2149504.811655	6
0	16	s10	s6	1372279	1.000000	0.000000	0.000000	0.000000	0.000000	0.000000	0.000000	0.000000	0.000000	0.000007	0.000000	0.000000	0.000004	0.000000	0.000000	0.000000	0.000000	0.000001	0.000007	0.000000	-1834870.689789	78	-1834871.315937	0.993692	4.618378e-01,1.600452e-01,2.227831e-02,1.731450e-01,1.192686e-01,1.938900e-02,2.050820e-02,1.773036e-02,5.797536e-03	0.358741	0.288719	0.055343	-2129047.689936	6
0	17	s10	s7	1372744	1.000000	0.000000	0.000000	0.000000	0.000000	0.000000	0.000000	0.000000	0.000000	0.000004	0.000001	0.000000	0.000002	0.000000	0.000000	0.000000	0.000000	0.000000	0.000004	0.000000	-1809847.617550	82	-1809848.229259	0.994029	4.568752e-01,1.661363e-01,2.117987e-02,1.885977e-01,1.051658e-01,1.796619e-02,2.105690e-02,1.794354e-02,5.078588e-03	0.401621	0.242944	0.034431	-2119254.847866	6
0	18	s10	s8	1372264	1.000000	0.000000	0.000000	0.000000	0.000000	0.000000	0.000000	0.000000	0.000000	0.000000	0.000000	0.000003	0.000000	0.000000	0.000000	0.000000	0.000000	0.000000	0.000002	-0.000002	-1814492.510944	58	-1814492.631715	0.993681	4.655144e-01,1.566996e-01,2.204656e-02,1.894249e-01,1.027761e-01,1.949973e-02,2.044134e-02,1.773792e-02,5.859477e-03	0.413402	0.241344	0.030226	-2112396.178761	6
0	19	s10	s9	1372442	1.000000	0.000000	0.000000	0.000000	0.000000	0.000000	0.000000	0.000000	0.000000	0.000005	0.000001	0.000002	0.000003	0.000001	0.000001	0.000000	0.000001	0.000001	0.000006	-0.000000	-1813965.106068	46	-1813965.832912	0.993810	4.629913e-01,1.603744e-01,2.085227e-02,1.853648e-01,1.067158e-01,1.963324e-02,2.009882e-02,1.809023e-02,5.879129e-03	0.383740	0.251443	0.041571	-2116766.677229	6
1	2	s11	s12	1372878	1.000000	0.000000	0.000000	0.000000	0.000000	0.000000	0.000000	0.000000	0.000000	0.000009	0.000001	0.000001	0.000005	0.000001	0.000001	0.000000	0.000001	0.000001	0.000009	0.000000	-1797460.193018	54	-1797460.797477	0.994126	4.897726e-01,1.646418e-01,2.045242e-02,1.565860e-01,1.044119e-01,1.805017e-02,2.114612e-02,1.922579e-02,5.713270e-03	0.398408	0.260963	0.037394	-2077400.794006	6
1	3	s11	s13	1372605	0.921453	0.037961	0.040585	0.000000	0.000000	0.000000	0.000000	0.000000	0.000000	0.059566	0.000000	0.000000	0.029783	0.000000	0.000000	0.040585	0.000000	0.040585	0.059566	-0.000000	-1792640.214006	118	-1	0.993928	5.080827e-01,1.483432e-01,1.845266e-02,1.460104e-01,1.122228e-01,2.081802e-02,1.805586e-02,2.087492e-02,7.139585e-03	0.325322	0.301225	0.069949	-2055827.967469	6
1	4	s11	s14	1372659	1.000000	0.000000	0.000000	0.000000	0.000000	0.000000	0.000000	0.000000	0.000000	0.000003	0.000003	0.000001	0.000002	0.000001	0.000001	0.000000	0.000001	0.000001	0.000004	0.000001	-1809411.942962	54	-1809412.515982	0.993967	4.694379e-01,1.848151e-01,2.062268e-02,1.557681e-01,1.049596e-01,1.833355e-02,2.145471e-02,1.909912e-02,5.509194e-03	0.400891	0.249848	0.035386	-2107148.393312	6
1	5	s11	s15	1372636	1.000000	0.000000	0.000000	0.000000	0.000000	0.000000	0.000000	0.000000	0.000000	0.000005	0.000002	0.000002	0.000003	0.000002	0.000002	0.000000	0.000002	0.000002	0.000005	0.000000	-1818591.902658	66	-1818592.517436	0.993951	4.725525e-01,1.814507e-01,2.084730e-02,1.564883e-01,1.045921e-01,1.799119e-02,2.085281e-02,1.920461e-02,6.020423e-03	0.398693	0.250920	0.036268	-2103352.415648	6
1	6	s11	s16	1372596	1.000000	0.000000	0.000000	0.000000	0.000000	0.000000	0.000000	0.000000	0.000000	0.000039	0.000001	0.000001	0.000020	0.000001	0.000001	0.000027	0.000001	0.000028	0.000040	-0.000000	-1795430.080468	58	-1795430.922343	0.993922	4.975286e-01,1.548884e-01,2.249977e-02,1.561882e-01,1.029192e-01,1.992770e-02,2.107719e-02,1.894279e-02,6.028095e-03	0.423409	0.261532	0.028366	-2075583.185360	6
1	7	s11	s17	1372877	1.000000	0.000000	0.000000	0.000000	0.000000	0.000000	0.000000	0.000000	0.000000	0.000004	0.000002	0.000000	0.000002	0.000000	0.000000	0.000000	0.000000	0.000000	0.000005	0.000001	-1807139.530707	50	-1807140.012508	0.994125	4.713539e-01,1.839062e-01,1.962405e-02,1.576902e-01,1.032628e-01,1.806171e-02,2.096608e-02,1.964175e-02,5.493356e-03	0.393076	0.245928	0.037695	-2100599.029764	6
1	8	s11	s18	1372593	1.000000	0.000000	0.000000	0.000000	0.000000	0.000000	0.000000	0.000000	0.000000	0.000010	0.000001	0.000001	0.000006	0.000001	0.000001	0.000000	0.000001	0.000001	0.000010	0.000000	-1809963.325151	54	-1809964.027399	0.993920	4.793829e-01,1.746949e-01,2.080516e-02,1.539684e-01,1.057178e-01,1.936095e-02,2.097329e-02,1.903120e-02,6.065275e-03	0.395188	0.258584	0.038308	-2098453.779896	6
1	9	s11	s19	1372571	1.000000	0.000000	0.000000	0.000000	0.000000	0.000000	0.000000	0.000000	0.000000	0.000002	0.000000	0.000000	0.000001	0.000000	0.000000	0.000000	0.000000	0.000000	0.000002	0.000000	-1782718.820085	86	-1782718.946677	0.993904	4.887671e-01,1.652442e-01,2.080426e-02,1.573761e-01,1.037855e-01,1.790998e-02,2.147700e-02,1.926070e-02,5.375180e-03	0.407391	0.258126	0.033881	-2078378.049144	6
1	10	s11	S1	1372973	1.000000	0.000000	0.000000	0.000000	0.000000	0.000000	0.000000	0.000000	0.000000	0.000005	0.000005	0.000002	0.000003	0.000002	0.000002	0.000000	0.000002	0.000002	0.000007	0.000002	-1810457.304202	50	-1810458.057075	0.994195	4.758180e-01,1.770349e-01,2.199985e-02,1.566889e-01,1.030359e-01,1.933653e-02,2.102741e-02,1.907353e-02,5.984897e-03	0.417595	0.248183	0.029369	-2106000.510586	6
1	11	s11	s20	1374696	1.000000	0.000000	0.000000	0.000000	0.000000	0.000000	0.000000	0.000000	0.000000	0.000000	0.000016	0.000000	0.000000	0.000000	0.000000	0.000000	0.000000	0.000000	0.000008	0.000008	-2052510.442409	62	-2052511.359770	0.995442	2.508978e-01,4.239708e-01,1.127664e-05,5.971994e-02,2.192230e-01,1.069455e-04,3.534254e-03,4.215724e-02,3.786874e-04	0.016173	0.414019	0.219962	-1875617.628377	9
1	12	s11	S2	1372742	1.000000	0.000000	0.000000	0.000000	0.000000	0.000000	0.000000	0.000000	0.000000	0.000052	0.000000	0.000000	0.000026	0.000000	0.000000	0.000045	0.000000	0.000045	0.000052	-0.000000	-1789885.272692	70	-1789885.744833	0.994027	4.988472e-01,1.548480e-01,2.116349e-02,1.558350e-01,1.037002e-01,1.952400e-02,2.074365e-02,1.912071e-02,6.217873e-03	0.404118	0.265059	0.035719	-2069780.796550	6
1	13	s11	s3	1372870	1.000000	0.000000	0.000000	0.000000	0.000000	0.000000	0.000000	0.000000	0.000000	0.000004	0.000000	0.000000	0.000002	0.000000	0.000000	0.000000	0.000000	0.000001	0.000004	-0.000000	-1784932.385052	90	-1784932.550230	0.994120	4.963167e-01,1.576916e-01,2.085376e-02,1.560629e-01,1.040788e-01,1.892472e-02,2.113764e-02,1.910708e-02,5.826836e-03	0.403458	0.264309	0.035889	-2071159.936141	6
1	14	s11	s4	1372679	1.000000	0.000000	0.000000	0.000000	0.000000	0.000000	0.000000	0.000000	0.000000	0.000010	0.000001	0.000001	0.000006	0.000001	0.000001	0.000000	0.000001	0.000001	0.000010	0.000000	-1809337.709827	54	-1809338.426507	0.993982	4.810959e-01,1.720314e-01,2.179010e-02,1.560369e-01,1.030581e-01,1.993314e-02,2.103862e-02,1.872566e-02,6.290291e-03	0.415579	0.251634	0.030376	-2099611.279691	6
1	15	s11	s5	1372472	0.989940	0.000000	0.000000	0.010060	0.000000	0.000000	0.000000	0.000000	0.000000	0.000000	0.000000	0.010060	0.000000	0.000000	0.000000	0.000000	0.000000	0.000000	0.005030	-0.005030	-1827908.870487	86	-1	0.993832	4.805615e-01,1.653285e-01,2.897538e-02,1.621398e-01,9.450948e-02,2.238315e-02,2.250494e-02,1.702945e-02,6.567800e-03	0.544711	0.225904	-0.015203	-2120207.604012	6
1	16	s11	s6	1372624	1.000000	0.000000	0.000000	0.000000	0.000000	0.000000	0.000000	0.000000	0.000000	0.000011	0.000003	0.000002	0.000006	0.000002	0.000002	0.000001	0.000002	0.000002	0.000011	0.000001	-1812320.866994	54	-1812321.763621	0.993942	4.786729e-01,1.746165e-01,2.160927e-02,1.559950e-01,1.033661e-01,1.968650e-02,2.099486e-02,1.892207e-02,6.136836e-03	0.412167	0.250996	0.031527	-2101540.501975	6
1	17	s11	s7	1373160	1.000000	0.000000	0.000000	0.000000	0.000000	0.000000	0.000000	0.000000	0.000000	0.000002	0.000000	0.000000	0.000001	0.000000	0.000000	0.000000	0.000000	0.000000	0.000002	0.000000	-1787381.106247	82	-1787381.277155	0.994330	4.883473e-01,1.660083e-01,2.047507e-02,1.568001e-01,1.042529e-01,1.800570e-02,2.140875e-02,1.896795e-02,5.733884e-03	0.401752	0.259551	0.036047	-2080414.006078	6
1	18	s11	s8	1372699	1.000000	0.000000	0.000000	0.000000	0.000000	0.000000	0.000000	0.000000	0.000000	0.000010	0.000000	0.000000	0.000005	0.000000	0.000000	0.000001	0.000000	0.000001	0.000010	-0.000000	-1791889.379176	66	-1791889.749169	0.993996	4.978153e-01,1.550805e-01,2.199172e-02,1.565549e-01,1.031460e-01,1.932896e-02,2.102393e-02,1.894764e-02,6.111045e-03	0.417037	0.262506	0.030770	-2072629.234962	6
1	19	s11	s9	1372926	1.000000	0.000000	0.000000	0.000000	0.000000	0.000000	0.000000	0.000000	0.000000	0.000082	0.000001	0.000001	0.000041	0.000001	0.000001	0.000080	0.000001	0.000081	0.000082	0.000000	-1791315.407739	110	-1791316.078986	0.994161	4.950193e-01,1.593571e-01,2.051336e-02,1.530631e-01,1.064460e-01,1.953682e-02,2.041487e-02,1.935058e-02,6.298875e-03	0.384498	0.271383	0.043583	-2075947.983387	6
2	3	s12	s13	1372751	1.000000	0.000000	0.000000	0.000000	0.000000	0.000000	0.000000	0.000000	0.000000	0.000017	0.000003	0.000004	0.000010	0.000003	0.000003	0.000014	0.000003	0.000017	0.000017	-0.000000	-1803957.157530	54	-1803958.102015	0.994034	4.881020e-01,1.579229e-01,2.148021e-02,1.635836e-01,1.054261e-01,1.929545e-02,2.046284e-02,1.805189e-02,5.675074e-03	0.397843	0.263041	0.037809	-2081574.832853	6
2	4	s12	s14	1372802	1.000000	0.000000	0.000000	0.000000	0.000000	0.000000	0.000000	0.000000	0.000000	0.000004	0.000000	0.000000	0.000002	0.000000	0.000000	0.000000	0.000000	0.000000	0.000004	0.000000	-1818223.300457	42	-1818223.758216	0.994071	4.605485e-01,1.860467e-01,2.090745e-02,1.653374e-01,1.047762e-01,1.819494e-02,2.074532e-02,1.804734e-02,5.396056e-03	0.397540	0.244075	0.035954	-2114742.628475	6
2	5	s12	s15	1373565	0.547239	0.197482	0.255278	0.000000	0.000001	0.000000	0.000000	0.000000	0.000000	0.354020	0.000000	0.000001	0.177010	0.000000	0.000001	0.255278	0.000000	0.255278	0.354020	-0.000000	-1744538.731495	158	-1	0.994623	5.370889e-01,1.203838e-01,9.970791e-03,1.032879e-01,1.671956e-01,1.779744e-02,9.602853e-03,1.749797e-02,1.717471e-02	0.117070	0.600255	0.215803	-1960896.652498	6
2	6	s12	s16	1372851	1.000000	0.000000	0.000000	0.000000	0.000000	0.000000	0.000000	0.000000	0.000000	0.000011	0.000001	0.000004	0.000006	0.000001	0.000001	0.000004	0.000001	0.000005	0.000012	-0.000001	-1804609.251851	54	-1804609.955733	0.994106	4.899966e-01,1.547258e-01,2.280761e-02,1.639318e-01,1.043370e-01,1.999534e-02,2.086168e-02,1.765638e-02,5.687748e-03	0.418541	0.260856	0.030087	-2083632.741872	6
2	7	s12	s17	1373109	1.000000	0.000000	0.000000	0.000000	0.000000	0.000000	0.000000	0.000000	0.000000	0.000006	0.000002	0.000002	0.000004	0.000002	0.000002	0.000000	0.000002	0.000002	0.000006	0.000000	-1816287.066968	46	-1816287.963518	0.994293	4.633014e-01,1.841446e-01,2.008743e-02,1.660929e-01,1.042037e-01,1.795263e-02,2.059050e-02,1.850366e-02,5.123157e-03	0.390369	0.243825	0.038393	-2108217.366732	6
2	8	s12	s18	1372712	1.000000	0.000000	0.000000	0.000000	0.000000	0.000000	0.000000	0.000000	0.000000	0.000004	0.000000	0.000000	0.000002	0.000000	0.000000	0.000000	0.000000	0.000000	0.000004	0.000000	-1818999.099520	46	-1818999.523299	0.994006	4.689442e-01,1.771182e-01,2.146858e-02,1.649269e-01,1.041448e-01,1.919279e-02,2.046085e-02,1.815832e-02,5.585497e-03	0.402607	0.247184	0.034518	-2108445.538732	6
2	9	s12	s19	1372771	1.000000	0.000000	0.000000	0.000000	0.000000	0.000000	0.000000	0.000000	0.000000	0.000007	0.000004	0.000004	0.000006	0.000004	0.000004	0.000000	0.000004	0.000004	0.000007	0.000000	-1791669.410466	55	-1791670.542276	0.994048	4.812250e-01,1.654042e-01,2.084868e-02,1.654831e-01,1.046415e-01,1.815883e-02,2.093414e-02,1.818964e-02,5.114857e-03	0.399295	0.255835	0.036557	-2085511.998299	6
2	10	s12	S1	1373121	1.000000	0.000000	0.000000	0.000000	0.000000	0.000000	0.000000	0.000000	0.000000	0.000009	0.000001	0.000001	0.000005	0.000001	0.000001	0.000000	0.000001	0.000001	0.000009	0.000000	-1819168.012819	38	-1819169.033888	0.994302	4.685422e-01,1.773302e-01,2.165795e-02,1.645691e-01,1.037804e-01,1.990729e-02,2.041468e-02,1.803736e-02,5.760786e-03	0.405400	0.245974	0.033427	-2112163.574706	6
2	11	s12	s20	1374922	1.000000	0.000000	0.000000	0.000000	0.000000	0.000000	0.000000	0.000000	0.000000	0.000001	0.000004	0.000000	0.000000	0.000000	0.000000	0.000000	0.000000	0.000000	0.000002	0.000002	-2061709.279893	70	-2061709.681057	0.995606	2.423440e-01,4.251712e-01,1.156994e-05,6.822888e-02,2.199372e-01,1.137998e-04,3.536006e-03,4.029441e-02,3.629649e-04	0.016130	0.409295	0.218595	-1886330.299224	7
2	12	s12	S2	1372887	1.000000	0.000000	0.000000	0.000000	0.000000	0.000000	0.000000	0.000000	0.000000	0.000007	0.000000	0.000000	0.000004	0.000000	0.000000	0.000000	0.000000	0.000000	0.000007	-0.000000	-1798894.638799	50	-1798895.046299	0.994132	4.905359e-01,1.555794e-01,2.138025e-02,1.643601e-01,1.042478e-01,1.970547e-02,2.059205e-02,1.776058e-02,5.838390e-03	0.402621	0.261025	0.035878	-2078411.360505	6
2	13	s12	s3	1373104	1.000000	0.000000	0.000000	0.000000	0.000000	0.000000	0.000000	0.000000	0.000000	0.000007	0.000002	0.000002	0.000005	0.000002	0.000002	0.000000	0.000002	0.000002	0.000007	-0.000000	-1794344.919410	50	-1794345.646256	0.994290	4.875830e-01,1.580689e-01,2.183286e-02,1.646384e-01,1.049749e-01,1.867100e-02,2.127084e-02,1.781925e-02,5.140778e-03	0.410610	0.260936	0.032975	-2081113.713855	6
2	14	s12	s4	1372881	1.000000	0.000000	0.000000	0.000000	0.000000	0.000000	0.000000	0.000000	0.000000	0.000004	0.000000	0.000000	0.000002	0.000000	0.000000	0.000000	0.000000	0.000000	0.000004	-0.000000	-1818404.751320	50	-1818405.163499	0.994128	4.737038e-01,1.718068e-01,2.199849e-02,1.640545e-01,1.040671e-01,2.019344e-02,2.034585e-02,1.800892e-02,5.821080e-03	0.406895	0.249916	0.033285	-2106753.901285	6
2	15	s12	s5	1372748	0.989986	0.000000	0.000000	0.010014	0.000000	0.000000	0.000000	0.000000	0.000000	0.000000	0.000000	0.010014	0.000000	0.000000	0.000000	0.000000	0.000000	0.000000	0.005007	-0.005007	-1837228.603441	94	-1	0.994032	4.711517e-01,1.661295e-01,3.020183e-02,1.713865e-01,9.483647e-02,2.203968e-02,2.262507e-02,1.593522e-02,5.694079e-03	0.557032	0.221416	-0.019140	-2129445.429512	6
2	16	s12	s6	1372831	1.000000	0.000000	0.000000	0.000000	0.000000	0.000000	0.000000	0.000000	0.000000	0.000006	0.000001	0.000001	0.000003	0.000001	0.000001	0.000000	0.000001	0.000001	0.000006	-0.000000	-1821555.568482	46	-1821556.156290	0.994092	4.705468e-01,1.746001e-01,2.237742e-02,1.643886e-01,1.045630e-01,1.932690e-02,2.070940e-02,1.773957e-02,5.748161e-03	0.412066	0.249469	0.031425	-2109922.727736	6
2	17	s12	s7	1373309	1.000000	0.000000	0.000000	0.000000	0.000000	0.000000	0.000000	0.000000	0.000000	0.000005	0.000001	0.000001	0.000003	0.000001	0.000001	0.000000	0.000001	0.000001	0.000005	0.000000	-1796309.444370	42	-1796310.064031	0.994438	4.802372e-01,1.660424e-01,2.118244e-02,1.653195e-01,1.052233e-01,1.776099e-02,2.099436e-02,1.797913e-02,5.260733e-03	0.400831	0.257094	0.036135	-2088490.758769	6
2	18	s12	s8	1372916	1.000000	0.000000	0.000000	0.000000	0.000000	0.000000	0.000000	0.000000	0.000000	0.000008	0.000000	0.000001	0.000004	0.000000	0.000000	0.000004	0.000000	0.000004	0.000008	-0.000000	-1800976.418896	66	-1800976.797495	0.994153	4.906066e-01,1.548515e-01,2.206414e-02,1.644292e-01,1.041924e-01,1.963536e-02,2.036563e-02,1.813454e-02,5.720660e-03	0.407225	0.260820	0.034191	-2079884.607654	6
2	19	s12	s9	1373070	1.000000	0.000000	0.000000	0.000000	0.000000	0.000000	0.000000	0.000000	0.000000	0.000010	0.000000	0.000000	0.000005	0.000000	0.000000	0.000000	0.000000	0.000000	0.000010	0.000000	-1800267.346259	46	-1800268.135202	0.994265	4.838141e-01,1.622904e-01,2.141328e-02,1.641917e-01,1.045944e-01,1.949165e-02,2.050477e-02,1.824613e-02,5.453636e-03	0.400768	0.257534	0.036202	-2087951.506071	6
3	4	s13	s14	1372461	1.000000	0.000000	0.000000	0.000000	0.000000	0.000000	0.000000	0.000000	0.000000	0.000004	0.000003	0.000001	0.000003	0.000001	0.000001	0.000000	0.000001	0.000001	0.000005	0.000001	-1815659.649716	50	-1815660.258553	0.993824	4.672219e-01,1.845029e-01,2.043246e-02,1.579386e-01,1.050519e-01,1.841320e-02,2.147314e-02,1.934576e-02,5.620117e-03	0.398904	0.248876	0.035983	-2111288.994676	6
3	5	s13	s15	1372467	1.000000	0.000000	0.000000	0.000000	0.000000	0.000000	0.000000	0.000000	0.000000	0.000008	0.000005	0.000004	0.000006	0.000004	0.000004	0.000000	0.000004	0.000004	0.000008	0.000000	-1825084.530161	55	-1825085.719499	0.993828	4.697287e-01,1.816210e-01,2.075491e-02,1.586339e-01,1.042810e-01,1.854487e-02,2.155398e-02,1.931877e-02,5.562870e-03	0.405720	0.248036	0.033516	-2108879.036010	6
3	6	s13	s16	1372494	1.000000	0.000000	0.000000	0.000000	0.000000	0.000000	0.000000	0.000000	0.000000	0.000021	0.000001	0.000001	0.000011	0.000001	0.000001	0.000018	0.000001	0.000018	0.000021	-0.000000	-1802267.808010	70	-1802268.218808	0.993848	4.953413e-01,1.540229e-01,2.278985e-02,1.577436e-01,1.040052e-01,1.967388e-02,2.168265e-02,1.875803e-02,5.982621e-03	0.427599	0.263524	0.026979	-2080705.887868	6
3	7	s13	s17	1372697	1.000000	0.000000	0.000000	0.000000	0.000000	0.000000	0.000000	0.000000	0.000000	0.000004	0.000010	0.000002	0.000003	0.000002	0.000002	0.000000	0.000002	0.000002	0.000008	0.000004	-1813542.809362	58	-1813543.872694	0.993995	4.689415e-01,1.829263e-01,2.029930e-02,1.591857e-01,1.047012e-01,1.748539e-02,2.194601e-02,1.914443e-02,5.370123e-03	0.403485	0.248704	0.034363	-2106020.064986	6
3	8	s13	s18	1372433	1.000000	0.000000	0.000000	0.000000	0.000000	0.000000	0.000000	0.000000	0.000000	0.000013	0.000000	0.000000	0.000007	0.000000	0.000000	0.000000	0.000000	0.000000	0.000013	0.000000	-1816500.572789	58	-1816501.317472	0.993804	4.780374e-01,1.730333e-01,2.109191e-02,1.555659e-01,1.066713e-01,1.918120e-02,2.074380e-02,1.969761e-02,5.977492e-03	0.392193	0.260610	0.039599	-2102467.661061	6
3	9	s13	s19	1372385	1.000000	0.000000	0.000000	0.000000	0.000000	0.000000	0.000000	0.000000	0.000000	0.000008	0.000005	0.000004	0.000006	0.000004	0.000004	0.000000	0.000004	0.000004	0.000008	0.000001	-1789173.528411	46	-1789174.579053	0.993769	4.859644e-01,1.652106e-01,2.092865e-02,1.598425e-01,1.037754e-01,1.780767e-02,2.178287e-02,1.933310e-02,5.354813e-03	0.411577	0.256295	0.032211	-2083534.977895	6
3	10	s13	S1	1372847	1.000000	0.000000	0.000000	0.000000	0.000000	0.000000	0.000000	0.000000	0.000000	0.000009	0.000003	0.000002	0.000006	0.000002	0.000002	0.000000	0.000002	0.000002	0.000010	0.000000	-1817047.840662	50	-1817048.820771	0.994104	4.744350e-01,1.759312e-01,2.178828e-02,1.579867e-01,1.038306e-01,1.959361e-02,2.109486e-02,1.938872e-02,5.951108e-03	0.413011	0.249723	0.031115	-2109776.267483	6
3	11	s13	s20	1374536	1.000000	0.000000	0.000000	0.000000	0.000000	0.000000	0.000000	0.000000	0.000000	0.000000	0.000014	0.000000	0.000000	0.000000	0.000000	0.000000	0.000000	0.000000	0.000007	0.000007	-2059150.270320	62	-2059150.997105	0.995327	2.494257e-01,4.227297e-01,9.313906e-06,6.092973e-02,2.203716e-01,1.017938e-04,3.729309e-03,4.232586e-02,3.769850e-04	0.016965	0.415932	0.220198	-1880592.401989	7
3	12	s13	S2	1372607	1.000000	0.000000	0.000000	0.000000	0.000000	0.000000	0.000000	0.000000	0.000000	0.000024	0.000000	0.000000	0.000012	0.000000	0.000000	0.000008	0.000000	0.000009	0.000024	0.000000	-1796567.574763	66	-1796568.161118	0.993930	4.968095e-01,1.540724e-01,2.127061e-02,1.575868e-01,1.043317e-01,1.949398e-02,2.109409e-02,1.920188e-02,6.139105e-03	0.406058	0.265664	0.035065	-2074596.504318	6
3	13	s13	s3	1372732	1.000000	0.000000	0.000000	0.000000	0.000000	0.000000	0.000000	0.000000	0.000000	0.000116	0.000001	0.000001	0.000058	0.000001	0.000001	0.000107	0.000001	0.000107	0.000116	0.000000	-1791680.333215	70	-1791681.280197	0.994020	4.955388e-01,1.563723e-01,2.023289e-02,1.569814e-01,1.053058e-01,1.913791e-02,2.094774e-02,1.926403e-02,6.219141e-03	0.391057	0.267997	0.040800	-2073727.346809	6
3	14	s13	s4	1372530	1.000000	0.000000	0.000000	0.000000	0.000000	0.000000	0.000000	0.000000	0.000000	0.000006	0.000001	0.000001	0.000004	0.000001	0.000001	0.000000	0.000001	0.000001	0.000006	0.000000	-1815803.839332	66	-1815804.330186	0.993874	4.791597e-01,1.711170e-01,2.191602e-02,1.577079e-01,1.038414e-01,1.985257e-02,2.129542e-02,1.886272e-02,6.247184e-03	0.416129	0.252808	0.030281	-2104053.870764	6
3	15	s13	s5	1372330	0.989803	0.000000	0.000000	0.010197	0.000000	0.000000	0.000000	0.000000	0.000000	0.000000	0.000000	0.010197	0.000000	0.000000	0.000000	0.000000	0.000000	0.000000	0.005099	-0.005098	-1834511.894723	70	-1	0.993729	4.775359e-01,1.647598e-01,2.984094e-02,1.650036e-01,9.471862e-02,2.166377e-02,2.270307e-02,1.734001e-02,6.434372e-03	0.554738	0.224819	-0.018576	-2125844.019702	6
3	16	s13	s6	1372473	1.000000	0.000000	0.000000	0.000000	0.000000	0.000000	0.000000	0.000000	0.000000	0.000003	0.000000	0.000000	0.000002	0.000000	0.000000	0.000000	0.000000	0.000000	0.000003	0.000000	-1819069.046647	58	-1819069.299221	0.993833	4.767786e-01,1.735997e-01,2.180974e-02,1.573039e-01,1.044481e-01,1.964859e-02,2.154204e-02,1.888013e-02,5.989231e-03	0.415056	0.253033	0.030682	-2106413.147013	6
3	17	s13	s7	1372924	1.000000	0.000000	0.000000	0.000000	0.000000	0.000000	0.000000	0.000000	0.000000	0.000019	0.000001	0.000001	0.000010	0.000001	0.000001	0.000004	0.000001	0.000005	0.000019	0.000000	-1793691.877221	70	-1793692.896800	0.994159	4.888715e-01,1.630748e-01,2.012360e-02,1.563604e-01,1.068499e-01,1.827614e-02,2.134420e-02,1.930491e-02,5.794551e-03	0.388094	0.268141	0.041902	-2081791.389139	6
3	18	s13	s8	1372585	1.000000	0.000000	0.000000	0.000000	0.000000	0.000000	0.000000	0.000000	0.000000	0.000064	0.000002	0.000002	0.000033	0.000002	0.000002	0.000049	0.000002	0.000052	0.000064	-0.000000	-1798651.422078	66	-1798652.460740	0.993914	4.962407e-01,1.545746e-01,2.132184e-02,1.578203e-01,1.037155e-01,1.987821e-02,2.134248e-02,1.890934e-02,6.197061e-03	0.411359	0.263340	0.032915	-2076476.278378	6
3	19	s13	s9	1372715	1.000000	0.000000	0.000000	0.000000	0.000000	0.000000	0.000000	0.000000	0.000000	0.000019	0.000002	0.000002	0.000010	0.000002	0.000002	0.000006	0.000002	0.000008	0.000019	0.000000	-1797938.500257	58	-1797939.567320	0.994008	4.895418e-01,1.613451e-01,2.122935e-02,1.575260e-01,1.047868e-01,1.914023e-02,2.137523e-02,1.908515e-02,5.970359e-03	0.406584	0.262163	0.034549	-2084780.140560	6
4	5	s14	s15	1372677	1.000000	0.000000	0.000000	0.000000	0.000000	0.000000	0.000000	0.000000	0.000000	0.000005	0.000000	0.000000	0.000003	0.000000	0.000000	0.000000	0.000000	0.000000	0.000005	-0.000000	-1839136.389973	46	-1839136.842425	0.993980	4.585516e-01,1.666668e-01,2.132647e-02,1.703167e-01,1.203808e-01,1.825678e-02,2.094996e-02,1.827355e-02,5.277361e-03	0.351189	0.289523	0.058325	-2129412.971603	6
4	6	s14	s16	1372530	1.000000	0.000000	0.000000	0.000000	0.000000	0.000000	0.000000	0.000000	0.000000	0.000003	0.000002	0.000021	0.000003	0.000002	0.000002	0.000000	0.000002	0.000002	0.000013	-0.000010	-1816284.628967	51	-1816285.776369	0.993874	4.696122e-01,1.546229e-01,2.241479e-02,1.849714e-01,1.037556e-01,2.014733e-02,2.022896e-02,1.835300e-02,5.893840e-03	0.411002	0.246604	0.031537	-2112277.908001	6
4	7	s14	s17	1372869	1.000000	0.000000	0.000000	0.000000	0.000000	0.000000	0.000000	0.000000	0.000000	0.000005	0.000000	0.000000	0.000002	0.000000	0.000000	0.000001	0.000000	0.000001	0.000005	-0.000000	-1827489.932896	58	-1827490.324600	0.994119	4.583302e-01,1.677712e-01,2.044795e-02,1.704330e-01,1.209511e-01,1.757861e-02,2.119174e-02,1.817783e-02,5.118304e-03	0.344269	0.291027	0.061169	-2125629.976599	6
4	8	s14	s18	1372574	1.000000	0.000000	0.000000	0.000000	0.000000	0.000000	0.000000	0.000000	0.000000	0.000009	0.000000	0.000000	0.000004	0.000000	0.000000	0.000008	0.000000	0.000008	0.000009	-0.000000	-1830632.859250	66	-1830632.999038	0.993906	4.658174e-01,1.593245e-01,2.141218e-02,1.679127e-01,1.218862e-01,1.916270e-02,2.049992e-02,1.835305e-02,5.631243e-03	0.343862	0.299721	0.062548	-2123223.866100	6
4	9	s14	s19	1372475	1.000000	0.000000	0.000000	0.000000	0.000000	0.000000	0.000000	0.000000	0.000000	0.000003	0.000002	0.000000	0.000002	0.000001	0.000000	0.000001	0.000000	0.000001	0.000004	0.000000	-1803367.177568	70	-1803367.830433	0.993834	4.586303e-01,1.666825e-01,2.132235e-02,1.872951e-01,1.036705e-01,1.788912e-02,2.171738e-02,1.793464e-02,4.858010e-03	0.415159	0.239512	0.029459	-2116310.366168	6
4	10	s14	S1	1372938	1.000000	0.000000	0.000000	0.000000	0.000000	0.000000	0.000000	0.000000	0.000000	0.000024	0.000001	0.000001	0.000012	0.000001	0.000001	0.000020	0.000001	0.000021	0.000024	-0.000000	-1830702.297216	78	-1830703.095658	0.994169	4.647539e-01,1.598299e-01,2.199544e-02,1.679576e-01,1.213232e-01,1.964667e-02,2.074382e-02,1.807981e-02,5.669570e-03	0.352276	0.297176	0.058940	-2128074.701662	6
4	11	s14	s20	1374890	0.932925	0.000048	0.067027	0.000000	0.000000	0.000000	0.000000	0.000001	0.000000	0.067051	0.000001	0.000001	0.033525	0.000000	0.000000	0.067027	0.000000	0.067027	0.067052	-0.000000	-2068382.704369	87	-1	0.995583	2.698932e-01,3.769633e-01,2.349591e-06,4.375192e-02,2.648989e-01,4.267832e-05,6.394838e-04,4.335384e-02,4.543699e-04	0.002423	0.569977	0.265231	-1858819.384472	9
4	12	s14	S2	1372632	1.000000	0.000000	0.000000	0.000000	0.000000	0.000000	0.000000	0.000000	0.000000	0.000001	0.000000	0.000006	0.000001	0.000000	0.000000	0.000000	0.000000	0.000000	0.000004	-0.000003	-1810505.314825	62	-1810505.677107	0.993948	4.698246e-01,1.553488e-01,2.145415e-02,1.853407e-01,1.041316e-01,1.940087e-02,2.035333e-02,1.811020e-02,6.035739e-03	0.401487	0.247928	0.034984	-2107689.208469	6
4	13	s14	s3	1372791	1.000000	0.000000	0.000000	0.000000	0.000000	0.000000	0.000000	0.000000	0.000000	0.000003	0.000002	0.000006	0.000002	0.000002	0.000002	0.000000	0.000002	0.000002	0.000005	-0.000002	-1805844.598965	54	-1805845.412305	0.994063	4.662667e-01,1.586939e-01,2.164942e-02,1.862270e-01,1.041160e-01,1.854215e-02,2.102236e-02,1.807942e-02,5.403057e-03	0.409849	0.245432	0.031830	-2110337.048680	6
4	14	s14	s4	1372671	1.000000	0.000000	0.000000	0.000000	0.000000	0.000000	0.000000	0.000000	0.000000	0.000008	0.000000	0.000000	0.000004	0.000000	0.000000	0.000006	0.000000	0.000006	0.000008	-0.000000	-1829858.203591	74	-1829858.515458	0.993976	4.674067e-01,1.570408e-01,2.218158e-02,1.701949e-01,1.187637e-01,1.996423e-02,2.048819e-02,1.810233e-02,5.857524e-03	0.359283	0.291108	0.055445	-2124238.522781	6
4	15	s14	s5	1372535	0.989942	0.000000	0.000000	0.010058	0.000000	0.000000	0.000000	0.000000	0.000000	0.000000	0.000000	0.010058	0.000000	0.000000	0.000000	0.000000	0.000000	0.000000	0.005029	-0.005029	-1848678.497403	70	-1	0.993878	4.647414e-01,1.508791e-01,3.089649e-02,1.774936e-01,1.098928e-01,2.157888e-02,2.290557e-02,1.618481e-02,5.427425e-03	0.489587	0.261688	0.003906	-2147782.612376	6
4	16	s14	s6	1372646	1.000000	0.000000	0.000000	0.000000	0.000000	0.000000	0.000000	0.000000	0.000000	0.000044	0.000000	0.000000	0.000022	0.000000	0.000000	0.000044	0.000000	0.000044	0.000044	-0.000000	-1833072.458893	86	-1833072.853229	0.993958	4.675029e-01,1.574218e-01,2.165174e-02,1.678170e-01,1.212325e-01,1.988825e-02,2.021312e-02,1.837190e-02,5.900764e-03	0.345327	0.299071	0.061889	-2123774.946230	6
4	17	s14	s7	1373098	1.000000	0.000000	0.000000	0.000000	0.000000	0.000000	0.000000	0.000000	0.000000	0.000006	0.000002	0.000003	0.000004	0.000002	0.000002	0.000000	0.000002	0.000002	0.000007	-0.000001	-1808038.629029	58	-1808039.764815	0.994285	4.591891e-01,1.663015e-01,2.112528e-02,1.863174e-01,1.045242e-01,1.803915e-02,2.103688e-02,1.844422e-02,5.022254e-03	0.403372	0.242367	0.033771	-2117756.151658	6
4	18	s14	s8	1372630	1.000000	0.000000	0.000000	0.000000	0.000000	0.000000	0.000000	0.000000	0.000000	0.000003	0.000003	0.000017	0.000003	0.000003	0.000003	0.000000	0.000003	0.000003	0.000010	-0.000007	-1812689.463989	46	-1812690.573221	0.993946	4.689816e-01,1.560416e-01,2.162268e-02,1.862607e-01,1.027764e-01,1.982226e-02,2.018616e-02,1.836223e-02,5.946414e-03	0.406794	0.243375	0.032692	-2109718.086210	6
4	19	s14	s9	1372754	1.000000	0.000000	0.000000	0.000000	0.000000	0.000000	0.000000	0.000000	0.000000	0.000004	0.000002	0.000004	0.000003	0.000002	0.000002	0.000000	0.000002	0.000002	0.000005	-0.000001	-1812004.748949	58	-1812005.553852	0.994036	4.631120e-01,1.622358e-01,2.129579e-02,1.847468e-01,1.047532e-01,1.936799e-02,2.063689e-02,1.818789e-02,5.663612e-03	0.400300	0.245628	0.035162	-2117121.157453	6
5	6	s15	s16	1372545	1.000000	0.000000	0.000000	0.000000	0.000000	0.000000	0.000000	0.000000	0.000000	0.000001	0.000000	0.000015	0.000000	0.000000	0.000000	0.000000	0.000000	0.000000	0.000008	-0.000008	-1825480.637891	62	-1825481.220947	0.993885	4.708460e-01,1.558246e-01,2.321820e-02,1.826589e-01,1.029364e-01,1.964752e-02,2.126469e-02,1.798984e-02,5.613841e-03	0.432140	0.244735	0.024005	-2111425.910501	6
5	7	s15	s17	1372896	1.000000	0.000000	0.000000	0.000000	0.000000	0.000000	0.000000	0.000000	0.000000	0.000004	0.000000	0.000000	0.000002	0.000000	0.000000	0.000000	0.000000	0.000001	0.000004	0.000000	-1836954.803155	58	-1836955.120211	0.994139	4.607719e-01,1.688011e-01,2.022533e-02,1.678890e-01,1.195024e-01,1.792659e-02,2.125961e-02,1.861232e-02,5.011712e-03	0.347147	0.288156	0.059671	-2123066.083712	6
5	8	s15	s18	1372587	1.000000	0.000000	0.000000	0.000000	0.000000	0.000000	0.000000	0.000000	0.000000	0.000033	0.000001	0.000001	0.000017	0.000001	0.000001	0.000027	0.000001	0.000028	0.000033	-0.000000	-1839999.619952	62	-1840000.688498	0.993915	4.662369e-01,1.616601e-01,2.188733e-02,1.670972e-01,1.194649e-01,1.878691e-02,2.085498e-02,1.842639e-02,5.585286e-03	0.357781	0.292296	0.056175	-2122874.443743	6
5	9	s15	s19	1372462	1.000000	0.000000	0.000000	0.000000	0.000000	0.000000	0.000000	0.000000	0.000000	0.000003	0.000001	0.000004	0.000002	0.000001	0.000001	0.000000	0.000001	0.000001	0.000005	-0.000001	-1812613.420432	42	-1812614.276181	0.993825	4.615467e-01,1.666862e-01,2.158909e-02,1.845548e-01,1.032357e-01,1.748747e-02,2.153473e-02,1.834430e-02,5.021007e-03	0.417722	0.239973	0.028621	-2113211.181719	6
5	10	s15	S1	1372966	1.000000	0.000000	0.000000	0.000000	0.000000	0.000000	0.000000	0.000000	0.000000	0.000020	0.000000	0.000000	0.000010	0.000000	0.000000	0.000009	0.000000	0.000010	0.000020	-0.000000	-1840000.143175	58	-1840001.155288	0.994190	4.658203e-01,1.621675e-01,2.182837e-02,1.671672e-01,1.185201e-01,1.962281e-02,2.050338e-02,1.848375e-02,5.886567e-03	0.357169	0.289234	0.056009	-2126416.242025	6
5	11	s15	s20	1374697	1.000000	0.000000	0.000000	0.000000	0.000000	0.000000	0.000000	0.000000	0.000000	0.000000	0.000001	0.000001	0.000000	0.000000	0.000000	0.000000	0.000000	0.000001	0.000001	0.000000	-2082597.103644	46	-2082597.841533	0.995443	2.350686e-01,4.148493e-01,6.874041e-06,7.542078e-02,2.296866e-01,1.224262e-04,3.526999e-03,4.095094e-02,3.674637e-04	0.015386	0.429419	0.224705	-1908749.482834	7
5	12	s15	S2	1372693	1.000000	0.000000	0.000000	0.000000	0.000000	0.000000	0.000000	0.000000	0.000000	0.000004	0.000002	0.000003	0.000003	0.000002	0.000002	0.000000	0.000002	0.000002	0.000005	-0.000001	-1819908.453305	54	-1819909.074865	0.993992	4.723833e-01,1.557657e-01,2.175557e-02,1.823370e-01,1.036984e-01,1.920760e-02,2.076060e-02,1.812629e-02,5.965509e-03	0.409998	0.248110	0.032026	-2105439.248078	6
5	13	s15	s3	1372774	1.000000	0.000000	0.000000	0.000000	0.000000	0.000000	0.000000	0.000000	0.000000	0.000002	0.000000	0.000002	0.000001	0.000000	0.000000	0.000000	0.000000	0.000000	0.000003	-0.000001	-1815120.723888	58	-1815121.070112	0.994051	4.683117e-01,1.602230e-01,2.134855e-02,1.837544e-01,1.026425e-01,1.884165e-02,2.142008e-02,1.803324e-02,5.424914e-03	0.416676	0.242298	0.029183	-2107953.414029	6
5	14	s15	s4	1372755	1.000000	0.000000	0.000000	0.000000	0.000000	0.000000	0.000000	0.000000	0.000000	0.000009	0.000000	0.000000	0.000005	0.000000	0.000000	0.000009	0.000000	0.000009	0.000009	0.000000	-1839356.227295	86	-1839356.377108	0.994037	4.702547e-01,1.574415e-01,2.213496e-02,1.673738e-01,1.179045e-01,2.005418e-02,2.038928e-02,1.859806e-02,5.848961e-03	0.360667	0.290411	0.054826	-2121108.568213	6
5	15	s15	s5	1372587	0.989962	0.000000	0.000000	0.010038	0.000000	0.000000	0.000000	0.000000	0.000000	0.000000	0.000000	0.010038	0.000000	0.000000	0.000000	0.000000	0.000000	0.000000	0.005019	-0.005019	-1857780.612785	94	-1	0.993915	4.676933e-01,1.516362e-01,3.044464e-02,1.748413e-01,1.088354e-01,2.165427e-02,2.260487e-02,1.645849e-02,5.831481e-03	0.487429	0.260596	0.004700	-2144202.919412	6
5	16	s15	s6	1372637	1.000000	0.000000	0.000000	0.000000	0.000000	0.000000	0.000000	0.000000	0.000000	0.000108	0.000000	0.000000	0.000054	0.000000	0.000000	0.000108	0.000000	0.000108	0.000108	-0.000000	-1842422.263035	74	-1842423.235312	0.993951	4.684704e-01,1.592635e-01,2.205128e-02,1.662447e-01,1.195577e-01,1.955617e-02,2.084922e-02,1.814855e-02,5.858574e-03	0.358827	0.294395	0.056044	-2122867.890927	6
5	17	s15	s7	1373111	1.000000	0.000000	0.000000	0.000000	0.000000	0.000000	0.000000	0.000000	0.000000	0.000004	0.000002	0.000002	0.000003	0.000002	0.000002	0.000000	0.000002	0.000002	0.000004	-0.000000	-1817441.148351	54	-1817441.851532	0.994295	4.637947e-01,1.654294e-01,2.064418e-02,1.815496e-01,1.054267e-01,1.827170e-02,2.117617e-02,1.841129e-02,5.296225e-03	0.396677	0.247782	0.036645	-2113456.204157	6
5	18	s15	s8	1372623	1.000000	0.000000	0.000000	0.000000	0.000000	0.000000	0.000000	0.000000	0.000000	0.000004	0.000001	0.000017	0.000002	0.000001	0.000001	0.000000	0.000001	0.000001	0.000012	-0.000008	-1822066.818518	46	-1822067.868997	0.993941	4.711525e-01,1.564018e-01,2.234141e-02,1.832988e-01,1.026776e-01,1.925464e-02,2.095234e-02,1.809324e-02,5.827572e-03	0.421647	0.244272	0.027627	-2108094.313610	6
5	19	s15	s9	1372850	1.000000	0.000000	0.000000	0.000000	0.000000	0.000000	0.000000	0.000000	0.000000	0.000003	0.000002	0.000002	0.000003	0.000002	0.000002	0.000000	0.000002	0.000002	0.000004	-0.000000	-1821421.606036	46	-1821422.205857	0.994106	4.643271e-01,1.636458e-01,2.190659e-02,1.830526e-01,1.032935e-01,1.891433e-02,2.107936e-02,1.820501e-02,5.575703e-03	0.416154	0.242016	0.029338	-2116043.773685	6
6	7	s16	s17	1372765	1.000000	0.000000	0.000000	0.000000	0.000000	0.000000	0.000000	0.000000	0.000000	0.000002	0.000014	0.000002	0.000002	0.000002	0.000002	0.000000	0.000002	0.000002	0.000008	0.000006	-1814092.481246	62	-1814093.324488	0.994044	4.723945e-01,1.826645e-01,1.972834e-02,1.549986e-01,1.039406e-01,1.777298e-02,2.261780e-02,2.023844e-02,5.644326e-03	0.407407	0.248649	0.032984	-2105777.385498	6
6	8	s16	s18	1372490	1.000000	0.000000	0.000000	0.000000	0.000000	0.000000	0.000000	0.000000	0.000000	0.000009	0.000004	0.000003	0.000006	0.000003	0.000003	0.000000	0.000003	0.000003	0.000010	0.000001	-1817151.111152	58	-1817152.118391	0.993845	4.779223e-01,1.756860e-01,2.117648e-02,1.537790e-01,1.039621e-01,1.906040e-02,2.262159e-02,1.981004e-02,5.982126e-03	0.421289	0.252253	0.028400	-2106085.528074	6
6	9	s16	s19	1372407	1.000000	0.000000	0.000000	0.000000	0.000000	0.000000	0.000000	0.000000	0.000000	0.000004	0.000003	0.000000	0.000002	0.000000	0.000000	0.000000	0.000000	0.000000	0.000005	0.000001	-1789542.691325	50	-1789543.097860	0.993785	4.894744e-01,1.646760e-01,2.059937e-02,1.551601e-01,1.037781e-01,1.781794e-02,2.300876e-02,1.982808e-02,5.657226e-03	0.420205	0.258740	0.029311	-2083196.627784	6
6	10	s16	S1	1372863	1.000000	0.000000	0.000000	0.000000	0.000000	0.000000	0.000000	0.000000	0.000000	0.000004	0.000002	0.000000	0.000002	0.000000	0.000000	0.000000	0.000000	0.000000	0.000005	0.000001	-1817410.198833	54	-1817410.531439	0.994115	4.776834e-01,1.758764e-01,2.123377e-02,1.541655e-01,1.031445e-01,1.945599e-02,2.166664e-02,2.015491e-02,6.618851e-03	0.415925	0.250015	0.030114	-2109114.888766	6
6	11	s16	s20	1374637	1.000000	0.000000	0.000000	0.000000	0.000000	0.000000	0.000000	0.000000	0.000000	0.000000	0.000012	0.000000	0.000000	0.000000	0.000000	0.000000	0.000000	0.000000	0.000006	0.000006	-2059747.212029	78	-2059747.612701	0.995400	2.514731e-01,4.233259e-01,9.718835e-06,5.892586e-02,2.176856e-01,9.959466e-05,3.765418e-03,4.433117e-02,3.835132e-04	0.017342	0.410373	0.218424	-1880810.799933	7
6	12	s16	S2	1372640	0.986262	0.000030	0.013707	0.000000	0.000000	0.000000	0.000000	0.000000	0.000000	0.013723	0.000000	0.000000	0.006861	0.000000	0.000000	0.013707	0.000000	0.013708	0.013723	0.000000	-1796844.507022	86	-1	0.993954	5.019563e-01,1.519761e-01,2.081825e-02,1.516619e-01,1.055260e-01,1.958862e-02,2.186683e-02,2.012173e-02,6.484202e-03	0.404498	0.273360	0.036356	-2072014.463884	6
6	13	s16	s3	1372820	1.000000	0.000000	0.000000	0.000000	0.000000	0.000000	0.000000	0.000000	0.000000	0.000031	0.000002	0.000002	0.000016	0.000002	0.000002	0.000013	0.000002	0.000014	0.000031	0.000000	-1792241.846271	70	-1792242.891892	0.994084	4.960520e-01,1.579488e-01,2.075881e-02,1.548961e-01,1.032757e-01,1.858988e-02,2.253601e-02,1.968393e-02,6.258730e-03	0.419216	0.261846	0.029921	-2077326.077830	6
6	14	s16	s4	1372590	1.000000	0.000000	0.000000	0.000000	0.000000	0.000000	0.000000	0.000000	0.000000	0.000009	0.000001	0.000001	0.000005	0.000001	0.000001	0.000000	0.000001	0.000001	0.000009	0.000000	-1816426.389041	54	-1816426.927268	0.993917	4.817687e-01,1.713500e-01,2.171794e-02,1.541660e-01,1.028260e-01,1.974349e-02,2.221916e-02,1.967495e-02,6.533702e-03	0.427296	0.251487	0.026204	-2104709.320384	6
6	15	s16	s5	1372452	0.989966	0.000000	0.000000	0.010034	0.000000	0.000000	0.000000	0.000000	0.000000	0.000000	0.000001	0.010034	0.000000	0.000000	0.000000	0.000000	0.000000	0.000001	0.005018	-0.005017	-1835072.614119	70	-1	0.993817	4.803751e-01,1.650662e-01,2.935213e-02,1.607048e-01,9.387220e-02,2.213692e-02,2.413723e-02,1.793273e-02,6.422705e-03	0.569810	0.223862	-0.023676	-2126818.719208	6
6	16	s16	s6	1372558	1.000000	0.000000	0.000000	0.000000	0.000000	0.000000	0.000000	0.000000	0.000000	0.000009	0.000002	0.000001	0.000005	0.000001	0.000001	0.000000	0.000001	0.000002	0.000010	0.000000	-1819576.340988	61	-1819576.962502	0.993894	4.805047e-01,1.726548e-01,2.164569e-02,1.533936e-01,1.040277e-01,1.933338e-02,2.174858e-02,2.021943e-02,6.472041e-03	0.417141	0.254349	0.030051	-2105734.208288	6
6	17	s16	s7	1372981	1.000000	0.000000	0.000000	0.000000	0.000000	0.000000	0.000000	0.000000	0.000000	0.000007	0.000003	0.000001	0.000004	0.000001	0.000001	0.000000	0.000001	0.000001	0.000008	0.000001	-1794263.530571	78	-1794264.155404	0.994201	4.885376e-01,1.655722e-01,2.060594e-02,1.547939e-01,1.040976e-01,1.789505e-02,2.320174e-02,1.958637e-02,5.709621e-03	0.420833	0.259172	0.029118	-2086223.451422	6
6	18	s16	s8	1372644	1.000000	0.000000	0.000000	0.000000	0.000000	0.000000	0.000000	0.000000	0.000000	0.000064	0.000001	0.000001	0.000033	0.000001	0.000001	0.000046	0.000001	0.000047	0.000064	0.000000	-1799179.496248	82	-1799180.012517	0.993957	4.991505e-01,1.540525e-01,2.159454e-02,1.545508e-01,1.028017e-01,1.938843e-02,2.172186e-02,2.031814e-02,6.421524e-03	0.421359	0.262500	0.029190	-2076670.764023	6
6	19	s16	s9	1372834	1.000000	0.000000	0.000000	0.000000	0.000000	0.000000	0.000000	0.000000	0.000000	0.000012	0.000003	0.000003	0.000007	0.000003	0.000003	0.000007	0.000003	0.000010	0.000012	0.000000	-1798400.336276	58	-1798401.011847	0.994094	4.921927e-01,1.612709e-01,2.129185e-02,1.540539e-01,1.038341e-01,1.890189e-02,2.226940e-02,2.002175e-02,6.163445e-03	0.419527	0.261014	0.029740	-2085484.046121	6
7	8	s17	s18	1372832	1.000000	0.000000	0.000000	0.000000	0.000000	0.000000	0.000000	0.000000	0.000000	0.000200	0.000000	0.000000	0.000100	0.000000	0.000000	0.000199	0.000000	0.000200	0.000200	-0.000000	-1828350.669661	102	-1828351.388726	0.994093	4.695371e-01,1.591973e-01,2.117709e-02,1.649767e-01,1.223639e-01,1.958206e-02,1.971105e-02,1.795400e-02,5.500743e-03	0.334152	0.303936	0.066928	-2115091.803303	6
7	9	s17	s19	1372735	1.000000	0.000000	0.000000	0.000000	0.000000	0.000000	0.000000	0.000000	0.000000	0.000003	0.000001	0.000004	0.000002	0.000001	0.000001	0.000000	0.000001	0.000001	0.000005	-0.000001	-1801134.059036	42	-1801134.906499	0.994022	4.628386e-01,1.657772e-01,2.132960e-02,1.841754e-01,1.046746e-01,1.799925e-02,2.062793e-02,1.779095e-02,4.786416e-03	0.400838	0.244738	0.034885	-2108579.539311	6
7	10	s17	S1	1373232	1.000000	0.000000	0.000000	0.000000	0.000000	0.000000	0.000000	0.000000	0.000000	0.000013	0.000000	0.000000	0.000007	0.000000	0.000000	0.000010	0.000000	0.000011	0.000013	-0.000000	-1828752.379038	66	-1828752.783484	0.994382	4.670388e-01,1.609058e-01,2.202759e-02,1.665934e-01,1.204804e-01,1.979978e-02,1.982704e-02,1.780048e-02,5.526680e-03	0.347398	0.296054	0.060672	-2121738.135016	6
7	11	s17	s20	1375020	1.000000	0.000000	0.000000	0.000000	0.000000	0.000000	0.000000	0.000000	0.000000	0.000023	0.000000	0.000000	0.000011	0.000000	0.000000	0.000023	0.000000	0.000023	0.000023	-0.000000	-2071226.057961	94	-2071226.674127	0.995677	2.506524e-01,3.994253e-01,7.238132e-06,6.161517e-02,2.450777e-01,1.018674e-04,1.799230e-03,4.093484e-02,3.863651e-04	0.007371	0.486377	0.243355	-1887134.270624	9
7	12	s17	S2	1372879	1.000000	0.000000	0.000000	0.000000	0.000000	0.000000	0.000000	0.000000	0.000000	0.000005	0.000003	0.000011	0.000004	0.000003	0.000003	0.000000	0.000003	0.000003	0.000009	-0.000004	-1808547.438317	54	-1808548.508649	0.994127	4.732267e-01,1.549453e-01,2.183878e-02,1.826682e-01,1.046883e-01,1.946891e-02,1.955546e-02,1.797211e-02,5.636328e-03	0.395405	0.251383	0.037472	-2100984.531656	6
7	13	s17	s3	1373106	1.000000	0.000000	0.000000	0.000000	0.000000	0.000000	0.000000	0.000000	0.000000	0.000001	0.000000	0.000000	0.000000	0.000000	0.000000	0.000000	0.000000	0.000000	0.000001	-0.000000	-1803811.425052	54	-1803811.467152	0.994291	4.749203e-01,1.550402e-01,2.002034e-02,1.794549e-01,1.077844e-01,1.960854e-02,1.908724e-02,1.807955e-02,6.004564e-03	0.362832	0.262064	0.050309	-2097285.446731	6
7	14	s17	s4	1372964	1.000000	0.000000	0.000000	0.000000	0.000000	0.000000	0.000000	0.000000	0.000000	0.000037	0.000000	0.000000	0.000019	0.000000	0.000000	0.000035	0.000000	0.000035	0.000037	-0.000000	-1827867.214983	54	-1827867.923274	0.994188	4.702898e-01,1.571305e-01,2.256358e-02,1.678103e-01,1.192911e-01,1.977570e-02,1.991776e-02,1.751800e-02,5.703252e-03	0.356115	0.294753	0.057136	-2117477.077499	6
7	15	s17	s5	1372777	0.989914	0.000000	0.000000	0.010086	0.000000	0.000000	0.000000	0.000000	0.000000	0.000000	0.000000	0.010086	0.000000	0.000000	0.000000	0.000000	0.000000	0.000000	0.005043	-0.005043	-1846406.293488	78	-1	0.994053	4.690346e-01,1.505084e-01,3.033803e-02,1.737935e-01,1.109743e-01,2.212789e-02,2.228109e-02,1.546334e-02,5.478837e-03	0.474156	0.267723	0.009825	-2139478.609959	6
7	16	s17	s6	1372893	1.000000	0.000000	0.000000	0.000000	0.000000	0.000000	0.000000	0.000000	0.000000	0.000009	0.000000	0.000000	0.000004	0.000000	0.000000	0.000006	0.000000	0.000006	0.000009	0.000000	-1830846.292118	90	-1830846.431854	0.994137	4.703907e-01,1.576474e-01,2.191016e-02,1.653404e-01,1.215716e-01,1.998867e-02,1.980302e-02,1.777629e-02,5.571786e-03	0.343116	0.302067	0.063165	-2116870.461271	6
7	17	s17	s7	1373771	0.408801	0.564193	0.027005	0.000000	0.000000	0.000000	0.000000	0.000001	0.000000	0.309102	0.000001	0.000001	0.154551	0.000000	0.000000	0.027006	0.000000	0.027006	0.309103	0.000000	-1758406.724804	94	-1	0.994773	5.230804e-01,1.202827e-01,6.595294e-03,1.373026e-01,1.435638e-01,2.596034e-02,6.111392e-03,2.543066e-02,1.167272e-02	0.088509	0.446290	0.198204	-1994985.020957	6
7	18	s17	s8	1372844	1.000000	0.000000	0.000000	0.000000	0.000000	0.000000	0.000000	0.000000	0.000000	0.000004	0.000004	0.000013	0.000004	0.000004	0.000004	0.000000	0.000004	0.000004	0.000009	-0.000004	-1810409.621257	67	-1810410.758441	0.994101	4.712238e-01,1.565054e-01,2.231276e-02,1.841265e-01,1.031885e-01,1.949711e-02,2.004147e-02,1.748318e-02,5.621273e-03	0.410455	0.245707	0.031644	-2103986.143988	6
7	19	s17	s9	1373090	1.000000	0.000000	0.000000	0.000000	0.000000	0.000000	0.000000	0.000000	0.000000	0.000007	0.000002	0.000004	0.000005	0.000002	0.000002	0.000000	0.000002	0.000002	0.000008	-0.000001	-1809926.368345	39	-1809927.582279	0.994279	4.653976e-01,1.626329e-01,2.195903e-02,1.828557e-01,1.048815e-01,1.911738e-02,2.024196e-02,1.760547e-02,5.308451e-03	0.402368	0.247122	0.034595	-2111495.826581	6
8	9	s18	s19	1372332	1.000000	0.000000	0.000000	0.000000	0.000000	0.000000	0.000000	0.000000	0.000000	0.000008	0.000001	0.000001	0.000004	0.000001	0.000001	0.000000	0.000001	0.000001	0.000008	0.000000	-1804083.104919	50	-1804083.935349	0.993731	4.700700e-01,1.641584e-01,2.003829e-02,1.759115e-01,1.048353e-01,1.871878e-02,2.164223e-02,1.928813e-02,5.337473e-03	0.397581	0.249752	0.036536	-2106996.219103	6
8	10	s18	S1	1372939	0.994966	0.000027	0.005007	0.000000	0.000000	0.000000	0.000000	0.000000	0.000000	0.005021	0.000000	0.000000	0.002511	0.000000	0.000000	0.005007	0.000000	0.005007	0.005021	-0.000000	-1831568.087792	70	-1	0.994170	4.734212e-01,1.594975e-01,2.135553e-02,1.592341e-01,1.206309e-01,1.963948e-02,2.083419e-02,1.908217e-02,6.304823e-03	0.349742	0.301847	0.060549	-2119633.624205	6
8	11	s18	s20	1374633	1.000000	0.000000	0.000000	0.000000	0.000000	0.000000	0.000000	0.000000	0.000000	0.000001	0.000001	0.000001	0.000001	0.000000	0.000000	0.000000	0.000000	0.000000	0.000001	-0.000000	-2074181.729814	54	-2074182.784640	0.995397	2.453196e-01,4.090602e-01,1.102443e-05,6.553056e-02,2.337579e-01,1.006915e-04,3.228232e-03,4.262394e-02,3.678482e-04	0.013857	0.449056	0.230780	-1899066.234697	9
8	12	s18	S2	1372549	1.000000	0.000000	0.000000	0.000000	0.000000	0.000000	0.000000	0.000000	0.000000	0.000009	0.000001	0.000002	0.000005	0.000001	0.000001	0.000001	0.000001	0.000002	0.000010	-0.000000	-1811233.003536	62	-1811233.694186	0.993888	4.795189e-01,1.535613e-01,2.125581e-02,1.750454e-01,1.048284e-01,1.955823e-02,2.092095e-02,1.922658e-02,6.084440e-03	0.402341	0.255949	0.035482	-2100075.338065	6
8	13	s18	s3	1372743	1.000000	0.000000	0.000000	0.000000	0.000000	0.000000	0.000000	0.000000	0.000000	0.000008	0.000003	0.000003	0.000005	0.000003	0.000003	0.000000	0.000003	0.000003	0.000008	-0.000000	-1806689.879645	50	-1806690.762897	0.994028	4.767552e-01,1.569220e-01,2.062044e-02,1.754735e-01,1.049175e-01,1.906718e-02,2.125344e-02,1.908400e-02,5.906730e-03	0.399112	0.254395	0.036476	-2101425.529422	6
8	14	s18	s4	1372625	0.988318	0.000015	0.011667	0.000000	0.000000	0.000000	0.000000	0.000000	0.000000	0.011675	0.000000	0.000000	0.005837	0.000000	0.000000	0.011667	0.000000	0.011667	0.011675	-0.000000	-1830596.456943	78	-1	0.993943	4.777039e-01,1.548925e-01,2.165987e-02,1.596715e-01,1.198997e-01,1.995508e-02,2.067809e-02,1.915546e-02,6.383932e-03	0.353112	0.302767	0.059352	-2114171.720342	6
8	15	s18	s5	1372443	0.989980	0.000000	0.000000	0.010020	0.000000	0.000000	0.000000	0.000000	0.000000	0.000000	0.000000	0.010020	0.000000	0.000000	0.000000	0.000000	0.000000	0.000000	0.005010	-0.005010	-1849283.079681	70	-1	0.993811	4.764403e-01,1.480687e-01,2.968739e-02,1.658942e-01,1.116368e-01,2.200623e-02,2.277928e-02,1.727005e-02,6.217137e-03	0.469977	0.275167	0.011628	-2136972.071809	6
8	16	s18	s6	1372606	0.987055	0.000000	0.012945	0.000000	0.000000	0.000000	0.000000	0.000000	0.000000	0.012945	0.000000	0.000000	0.006473	0.000000	0.000000	0.012945	0.000000	0.012945	0.012945	-0.000000	-1833799.998541	78	-1	0.993929	4.761548e-01,1.570940e-01,2.102341e-02,1.586411e-01,1.208638e-01,2.000775e-02,2.075678e-02,1.904773e-02,6.410647e-03	0.345680	0.304772	0.062535	-2115374.359140	6
8	17	s18	s7	1373003	1.000000	0.000000	0.000000	0.000000	0.000000	0.000000	0.000000	0.000000	0.000000	0.000002	0.000000	0.000000	0.000001	0.000000	0.000000	0.000000	0.000000	0.000000	0.000002	0.000000	-1808854.657074	54	-1808854.800813	0.994216	4.704421e-01,1.637018e-01,2.016093e-02,1.749063e-01,1.061491e-01,1.837962e-02,2.119289e-02,1.942065e-02,5.646557e-03	0.389583	0.254090	0.039819	-2108541.840062	6
8	18	s18	s8	1372570	1.000000	0.000000	0.000000	0.000000	0.000000	0.000000	0.000000	0.000000	0.000000	0.000006	0.000000	0.000001	0.000003	0.000000	0.000000	0.000000	0.000000	0.000000	0.000006	-0.000000	-1813441.773140	66	-1813442.205168	0.993903	4.784209e-01,1.540920e-01,2.180885e-02,1.755479e-01,1.043358e-01,1.957839e-02,2.144299e-02,1.876010e-02,6.013139e-03	0.414545	0.253716	0.030924	-2102908.928909	6
8	19	s18	s9	1372755	1.000000	0.000000	0.000000	0.000000	0.000000	0.000000	0.000000	0.000000	0.000000	0.000002	0.000000	0.000000	0.000001	0.000000	0.000000	0.000000	0.000000	0.000000	0.000002	0.000000	-1812920.815089	106	-1812920.928894	0.994037	4.753395e-01,1.590420e-01,1.989327e-02,1.728507e-01,1.066571e-01,1.996969e-02,2.029650e-02,1.947946e-02,6.471862e-03	0.376813	0.259171	0.044945	-2106184.493343	6
9	10	s19	S1	1372763	1.000000	0.000000	0.000000	0.000000	0.000000	0.000000	0.000000	0.000000	0.000000	0.000008	0.000002	0.000002	0.000005	0.000002	0.000002	0.000000	0.000002	0.000002	0.000008	-0.000000	-1804360.010468	63	-1804361.228742	0.994043	4.670719e-01,1.782842e-01,2.227781e-02,1.652950e-01,1.034887e-01,1.948376e-02,2.112711e-02,1.739030e-02,5.581234e-03	0.419417	0.244159	0.028393	-2113369.378672	6
9	11	s19	s20	1374645	0.971623	0.000031	0.028344	0.000000	0.000000	0.000000	0.000002	0.000000	0.000000	0.028361	0.000002	0.000000	0.014181	0.000001	0.000000	0.028344	0.000000	0.028344	0.028362	0.000000	-2045694.520737	98	-1	0.995405	2.732422e-01,3.944974e-01,1.607426e-07,4.022467e-02,2.479553e-01,6.888491e-05,4.269991e-04,4.315080e-02,4.336620e-04	0.001723	0.518335	0.253736	-1837373.319975	10
9	12	s19	S2	1372561	1.000000	0.000000	0.000000	0.000000	0.000000	0.000000	0.000000	0.000000	0.000000	0.000005	0.000001	0.000003	0.000003	0.000001	0.000001	0.000000	0.000001	0.000001	0.000006	-0.000001	-1783814.740680	54	-1783815.337495	0.993896	4.888523e-01,1.566233e-01,2.217965e-02,1.655361e-01,1.033925e-01,1.933617e-02,2.106996e-02,1.759767e-02,5.412355e-03	0.418305	0.256976	0.029853	-2080026.377631	6
9	13	s19	s3	1372774	0.994679	0.000000	0.005320	0.000000	0.000000	0.000000	0.000000	0.000000	0.000001	0.005321	0.000001	0.000001	0.002661	0.000001	0.000001	0.005320	0.000001	0.005321	0.005321	-0.000000	-1779104.354014	122	-1	0.994051	4.969080e-01,1.514544e-01,1.925853e-02,1.583758e-01,1.098207e-01,2.007808e-02,1.817732e-02,1.960744e-02,6.319702e-03	0.340882	0.283810	0.061405	-2067254.457673	6
9	14	s19	s4	1372464	1.000000	0.000000	0.000000	0.000000	0.000000	0.000000	0.000000	0.000000	0.000000	0.000003	0.000001	0.000002	0.000002	0.000001	0.000001	0.000000	0.000001	0.000001	0.000004	-0.000000	-1803430.739296	70	-1803431.300940	0.993826	4.709851e-01,1.736663e-01,2.304553e-02,1.661940e-01,1.024109e-01,1.964814e-02,2.093912e-02,1.776049e-02,5.350498e-03	0.429492	0.243110	0.024810	-2109103.360806	6
9	15	s19	s5	1372972	0.158772	0.824421	0.000020	0.000000	0.016788	0.000000	0.000000	0.000000	0.000000	0.424821	0.000000	0.016788	0.214509	0.000000	0.008394	0.000020	0.000000	0.000020	0.429018	-0.000000	-1725507.155405	114	-1	0.994194	5.479831e-01,1.168545e-01,2.704714e-03,1.145729e-01,1.348152e-01,3.894399e-02,2.742053e-03,2.511774e-02,1.626582e-02	0.040402	0.447987	0.219284	-1949542.990533	6
9	16	s19	s6	1372445	1.000000	0.000000	0.000000	0.000000	0.000000	0.000000	0.000000	0.000000	0.000000	0.000004	0.000001	0.000001	0.000002	0.000001	0.000001	0.000000	0.000001	0.000001	0.000004	-0.000000	-1806627.725557	54	-1806628.232812	0.993812	4.697325e-01,1.752984e-01,2.256967e-02,1.655315e-01,1.035745e-01,1.920238e-02,2.031829e-02,1.808214e-02,5.690642e-03	0.414078	0.246019	0.030411	-2109685.759116	6
9	17	s19	s7	1373000	1.000000	0.000000	0.000000	0.000000	0.000000	0.000000	0.000000	0.000000	0.000000	0.000005	0.000001	0.000001	0.000003	0.000001	0.000001	0.000000	0.000001	0.000001	0.000005	-0.000000	-1781140.480706	54	-1781141.052542	0.994214	4.810028e-01,1.652539e-01,2.138455e-02,1.648142e-01,1.055252e-01,1.791884e-02,2.072162e-02,1.844652e-02,4.932446e-03	0.399015	0.258299	0.036906	-2087122.096479	6
9	18	s19	s8	1372612	1.000000	0.000000	0.000000	0.000000	0.000000	0.000000	0.000000	0.000000	0.000000	0.000005	0.000001	0.000008	0.000003	0.000001	0.000001	0.000000	0.000001	0.000001	0.000008	-0.000004	-1785980.578810	62	-1785981.323276	0.993933	4.884184e-01,1.564981e-01,2.270707e-02,1.661506e-01,1.027742e-01,1.935465e-02,2.082259e-02,1.788586e-02,5.388444e-03	0.423546	0.254758	0.027792	-2081912.968683	6
9	19	s19	s9	1372690	1.000000	0.000000	0.000000	0.000000	0.000000	0.000000	0.000000	0.000000	0.000000	0.000006	0.000000	0.000000	0.000003	0.000000	0.000000	0.000000	0.000000	0.000000	0.000006	-0.000000	-1785285.234702	46	-1785285.769491	0.993990	4.845137e-01,1.615492e-01,2.157021e-02,1.637049e-01,1.054056e-01,1.916736e-02,2.023477e-02,1.819080e-02,5.663410e-03	0.396610	0.260636	0.038010	-2086495.721361	6
10	11	S1	s20	1375204	0.960001	0.000029	0.039969	0.000000	0.000000	0.000000	0.000000	0.000000	0.000000	0.039984	0.000000	0.000000	0.019992	0.000000	0.000000	0.039969	0.000000	0.039969	0.039984	0.000000	-2072503.314293	86	-1	0.995810	2.680617e-01,3.856184e-01,1.531392e-06,4.517630e-02,2.538036e-01,6.113692e-05,9.129176e-04,4.593024e-02,4.341868e-04	0.003603	0.531303	0.255970	-1866423.935341	10
10	12	S1	S2	1372982	1.000000	0.000000	0.000000	0.000000	0.000000	0.000000	0.000000	0.000000	0.000000	0.000009	0.000006	0.000006	0.000007	0.000006	0.000006	0.000000	0.000006	0.000006	0.000009	-0.000000	-1811825.887663	59	-1811827.051990	0.994201	4.770244e-01,1.550998e-01,2.140382e-02,1.766300e-01,1.033485e-01,1.917364e-02,2.179060e-02,1.919551e-02,6.333679e-03	0.417949	0.250061	0.029403	-2106294.908997	6
10	13	S1	s3	1373120	1.000000	0.000000	0.000000	0.000000	0.000000	0.000000	0.000000	0.000000	0.000000	0.000010	0.000002	0.000003	0.000006	0.000002	0.000002	0.000000	0.000002	0.000002	0.000010	-0.000000	-1807061.919467	51	-1807063.079276	0.994301	4.743220e-01,1.580279e-01,2.114091e-02,1.768132e-01,1.037334e-01,1.860261e-02,2.234126e-02,1.915087e-02,5.867829e-03	0.419172	0.249313	0.028909	-2107936.167621	6
10	14	S1	s4	1373014	0.997815	0.000018	0.002166	0.000000	0.000000	0.000000	0.000000	0.000000	0.000001	0.002176	0.000001	0.000001	0.001089	0.000001	0.000001	0.002166	0.000001	0.002167	0.002176	0.000000	-1830938.373283	119	-1	0.994224	4.752956e-01,1.561917e-01,2.201595e-02,1.614873e-01,1.181147e-01,1.960513e-02,2.126697e-02,1.962138e-02,6.401332e-03	0.366448	0.295148	0.053190	-2120605.682405	6
10	15	S1	s5	1372827	0.989860	0.000000	0.000000	0.010140	0.000000	0.000000	0.000000	0.000000	0.000000	0.000000	0.000000	0.010140	0.000000	0.000000	0.000000	0.000000	0.000000	0.000000	0.005070	-0.005070	-1849670.357175	94	-1	0.994089	4.737740e-01,1.494565e-01,3.019084e-02,1.680379e-01,1.096737e-01,2.153727e-02,2.332639e-02,1.780784e-02,6.195499e-03	0.487968	0.267264	0.004581	-2143527.177955	6
10	16	S1	s6	1372996	0.995945	0.000010	0.004044	0.000000	0.000000	0.000000	0.000000	0.000000	0.000001	0.004050	0.000001	0.000001	0.002026	0.000001	0.000001	0.004044	0.000001	0.004045	0.004050	-0.000000	-1834248.448948	86	-1	0.994211	4.742207e-01,1.579931e-01,2.125557e-02,1.598867e-01,1.194803e-01,1.983346e-02,2.145799e-02,1.950818e-02,6.364074e-03	0.357495	0.298749	0.057119	-2121557.024332	6
10	17	S1	s7	1373327	1.000000	0.000000	0.000000	0.000000	0.000000	0.000000	0.000000	0.000000	0.000000	0.000003	0.000001	0.000001	0.000002	0.000001	0.000001	0.000000	0.000001	0.000001	0.000003	0.000000	-1808856.201203	58	-1808856.638018	0.994451	4.667561e-01,1.661167e-01,2.064260e-02,1.776524e-01,1.033544e-01,1.814446e-02,2.215276e-02,1.978576e-02,5.394755e-03	0.414064	0.243476	0.030189	-2115425.050239	6
10	18	S1	s8	1372950	1.000000	0.000000	0.000000	0.000000	0.000000	0.000000	0.000000	0.000000	0.000000	0.000005	0.000001	0.000006	0.000003	0.000001	0.000001	0.000000	0.000001	0.000001	0.000007	-0.000003	-1813669.038781	74	-1813669.666242	0.994178	4.764192e-01,1.551057e-01,2.203976e-02,1.771784e-01,1.026855e-01,1.927097e-02,2.185599e-02,1.935554e-02,6.088983e-03	0.427478	0.247550	0.025845	-2108258.573399	6
10	19	S1	s9	1373133	1.000000	0.000000	0.000000	0.000000	0.000000	0.000000	0.000000	0.000000	0.000000	0.000007	0.000003	0.000003	0.000005	0.000003	0.000003	0.000000	0.000003	0.000003	0.000007	-0.000000	-1813152.353959	50	-1813153.304852	0.994311	4.711785e-01,1.611785e-01,2.117143e-02,1.754875e-01,1.047073e-01,1.896223e-02,2.183772e-02,1.926408e-02,6.212784e-03	0.410756	0.250555	0.031985	-2114760.481216	6
11	12	s20	S2	1374756	1.000000	0.000000	0.000000	0.000000	0.000000	0.000000	0.000000	0.000000	0.000000	0.000000	0.000000	0.000020	0.000000	0.000000	0.000000	0.000000	0.000000	0.000000	0.000010	-0.000010	-2054219.835186	74	-2054220.751360	0.995486	2.515568e-01,5.883295e-02,3.737900e-03,4.239296e-01,2.186918e-01,4.277404e-02,9.805437e-06,9.505790e-05,3.720697e-04	0.017137	0.413110	0.219307	-1876666.812170	9
11	13	s20	s3	1374935	1.000000	0.000000	0.000000	0.000000	0.000000	0.000000	0.000000	0.000000	0.000000	0.000002	0.000001	0.000003	0.000001	0.000000	0.000001	0.000000	0.000000	0.000000	0.000003	-0.000000	-2049610.428025	54	-2049611.433716	0.995615	2.548422e-01,5.637676e-02,2.986423e-03,4.186174e-01,2.244532e-01,4.223200e-02,8.068524e-06,1.013135e-04,3.827151e-04	0.013341	0.431374	0.226099	-1871635.120837	10
11	14	s20	s4	1374749	1.000000	0.000000	0.000000	0.000000	0.000000	0.000000	0.000000	0.000000	0.000000	0.000002	0.000003	0.000002	0.000001	0.000001	0.000000	0.000000	0.000000	0.000000	0.000004	-0.000001	-2073422.838991	63	-2073425.601123	0.995481	2.448823e-01,6.540570e-02,3.831126e-03,4.132792e-01,2.283041e-01,4.382687e-02,1.340760e-05,1.129421e-04,3.443584e-04	0.016840	0.433651	0.225294	-1901615.746557	7
11	15	s20	s5	1374614	0.989784	0.000001	0.000000	0.010213	0.000001	0.000000	0.000000	0.000000	0.000000	0.000001	0.000000	0.010214	0.000001	0.000000	0.000000	0.000000	0.000000	0.000000	0.005108	-0.005107	-2092248.791772	78	-1	0.995383	2.530626e-01,5.642785e-02,4.266046e-03,4.121976e-01,2.203333e-01,5.322401e-02,9.634945e-06,8.160497e-05,3.974829e-04	0.019406	0.418720	0.220011	-1908563.809381	9
11	16	s20	s6	1374715	1.000000	0.000000	0.000000	0.000000	0.000000	0.000000	0.000000	0.000000	0.000000	0.000000	0.000001	0.000001	0.000000	0.000000	0.000000	0.000000	0.000000	0.000000	0.000001	0.000000	-2076673.037915	50	-2076674.096972	0.995456	2.438191e-01,6.655214e-02,3.718601e-03,4.118499e-01,2.302319e-01,4.334508e-02,6.709474e-06,1.008255e-04,3.757030e-04	0.016181	0.438059	0.226793	-1903155.445245	9
11	17	s20	s7	1375345	0.938556	0.000064	0.061380	0.000000	0.000000	0.000000	0.000000	0.000000	0.000000	0.061412	0.000000	0.000000	0.030706	0.000000	0.000000	0.061380	0.000000	0.061380	0.061412	-0.000000	-2047416.951827	118	-1	0.995912	2.807988e-01,3.305659e-02,2.181953e-04,3.858179e-01,2.561507e-01,4.345244e-02,5.809919e-10,6.154721e-05,4.438311e-04	0.000852	0.553712	0.262355	-1823514.764258	10
11	18	s20	s8	1374808	1.000000	0.000000	0.000000	0.000000	0.000000	0.000000	0.000000	0.000000	0.000000	0.000006	0.000000	0.000001	0.000003	0.000000	0.000000	0.000001	0.000000	0.000001	0.000006	-0.000001	-2056152.416504	138	-2056152.814657	0.995524	2.651968e-01,4.710201e-02,1.891260e-03,4.102619e-01,2.299716e-01,4.508604e-02,4.004518e-06,8.430757e-05,4.020613e-04	0.008241	0.455904	0.234999	-1857423.244007	9
11	19	s20	s9	1375143	0.916322	0.008258	0.075420	0.000000	0.000000	0.000000	0.000000	0.000000	0.000000	0.079549	0.000000	0.000000	0.039774	0.000000	0.000000	0.075420	0.000000	0.075420	0.079549	-0.000000	-2048545.088214	307	-1	0.995766	2.852859e-01,2.901698e-02,4.124524e-04,3.833311e-01,2.560008e-01,4.543677e-02,7.977675e-07,4.085952e-05,4.742858e-04	0.001614	0.558662	0.263113	-1817389.897243	9
12	13	S2	s3	1372908	1.000000	0.000000	0.000000	0.000000	0.000000	0.000000	0.000000	0.000000	0.000000	0.000025	0.000004	0.000004	0.000014	0.000004	0.000004	0.000017	0.000004	0.000021	0.000025	0.000000	-1786589.031158	58	-1786589.979014	0.994148	4.967856e-01,1.577029e-01,2.091583e-02,1.547668e-01,1.040182e-01,1.888682e-02,2.192070e-02,1.918384e-02,5.819246e-03	0.411818	0.264424	0.032843	-2072976.870754	6
12	14	S2	s4	1372697	1.000000	0.000000	0.000000	0.000000	0.000000	0.000000	0.000000	0.000000	0.000000	0.000010	0.000001	0.000001	0.000006	0.000001	0.000001	0.000000	0.000001	0.000001	0.000010	0.000000	-1810676.382277	54	-1810676.932916	0.993995	4.833004e-01,1.707351e-01,2.149042e-02,1.540042e-01,1.037856e-01,1.982128e-02,2.086597e-02,1.929000e-02,6.707017e-03	0.408114	0.255499	0.033378	-2098611.832980	6
12	15	S2	s5	1372568	0.989912	0.000000	0.000000	0.010087	0.000000	0.000000	0.000000	0.000000	0.000001	0.000001	0.000001	0.010088	0.000001	0.000001	0.000001	0.000000	0.000001	0.000001	0.005045	-0.005044	-1829362.042468	106	-1	0.993901	4.805462e-01,1.650645e-01,2.986371e-02,1.613009e-01,9.451749e-02,2.175569e-02,2.336173e-02,1.728336e-02,6.306399e-03	0.563128	0.225778	-0.021523	-2122755.872957	6
12	16	S2	s6	1372664	1.000000	0.000000	0.000000	0.000000	0.000000	0.000000	0.000000	0.000000	0.000000	0.000016	0.000004	0.000004	0.000010	0.000004	0.000004	0.000001	0.000004	0.000005	0.000016	0.000000	-1814070.699352	70	-1814071.801116	0.993971	4.815802e-01,1.726595e-01,2.126177e-02,1.528097e-01,1.049695e-01,1.982859e-02,2.126275e-02,1.928608e-02,6.341899e-03	0.405113	0.257842	0.034673	-2100660.268382	6
12	17	S2	s7	1373199	1.000000	0.000000	0.000000	0.000000	0.000000	0.000000	0.000000	0.000000	0.000000	0.000007	0.000002	0.000001	0.000004	0.000001	0.000001	0.000000	0.000001	0.000002	0.000007	0.000001	-1788854.531338	46	-1788855.103011	0.994358	4.893743e-01,1.655288e-01,2.053869e-02,1.551323e-01,1.044867e-01,1.801463e-02,2.206569e-02,1.921472e-02,5.644106e-03	0.407749	0.260894	0.034008	-2081431.522798	6
12	18	S2	s8	1372690	0.997291	0.000001	0.002705	0.000000	0.000000	0.000000	0.000000	0.000000	0.000003	0.002709	0.000003	0.000003	0.001356	0.000003	0.000003	0.002705	0.000003	0.002708	0.002709	-0.000000	-1793277.670427	90	-1	0.993990	5.002434e-01,1.537361e-01,2.152028e-02,1.540050e-01,1.039389e-01,1.965439e-02,2.115394e-02,1.952285e-02,6.225194e-03	0.410570	0.266789	0.033509	-2071494.246678	6
12	19	S2	s9	1372914	1.000000	0.000000	0.000000	0.000000	0.000000	0.000000	0.000000	0.000000	0.000000	0.000017	0.000002	0.000002	0.000010	0.000002	0.000002	0.000009	0.000002	0.000010	0.000017	0.000000	-1792675.120332	58	-1792675.819953	0.994152	4.934090e-01,1.614432e-01,2.061975e-02,1.540157e-01,1.041628e-01,1.944226e-02,2.107583e-02,1.953392e-02,6.297525e-03	0.400292	0.262951	0.036910	-2079536.262520	6
13	14	s3	s4	1372918	1.000000	0.000000	0.000000	0.000000	0.000000	0.000000	0.000000	0.000000	0.000000	0.000010	0.000000	0.000000	0.000005	0.000000	0.000000	0.000002	0.000000	0.000002	0.000010	0.000000	-1806092.493622	70	-1806092.753075	0.994155	4.846027e-01,1.678570e-01,2.106479e-02,1.537112e-01,1.068413e-01,2.033600e-02,1.980977e-02,1.913831e-02,6.638914e-03	0.382573	0.265829	0.043659	-2095835.774152	6
13	15	s3	s5	1372768	0.989903	0.000006	0.000000	0.010089	0.000000	0.000000	0.000000	0.000000	0.000002	0.000005	0.000002	0.010091	0.000003	0.000002	0.000002	0.000000	0.000002	0.000002	0.005049	-0.005045	-1824796.791110	58	-1	0.994046	4.887447e-01,1.575757e-01,2.713037e-02,1.562905e-01,1.010354e-01,2.358287e-02,2.015432e-02,1.825076e-02,7.235444e-03	0.468001	0.250718	0.011593	-2112038.675833	6
13	16	s3	s6	1372824	1.000000	0.000000	0.000000	0.000000	0.000000	0.000000	0.000000	0.000000	0.000000	0.000010	0.000001	0.000001	0.000006	0.000001	0.000001	0.000000	0.000001	0.000001	0.000010	0.000000	-1809355.875655	74	-1809356.798009	0.994087	4.769617e-01,1.742551e-01,2.227456e-02,1.574838e-01,1.040827e-01,1.933793e-02,2.119167e-02,1.856426e-02,5.848383e-03	0.417613	0.251951	0.029682	-2104441.141263	6
13	17	s3	s7	1373289	1.000000	0.000000	0.000000	0.000000	0.000000	0.000000	0.000000	0.000000	0.000000	0.000007	0.000000	0.000000	0.000004	0.000000	0.000000	0.000002	0.000000	0.000002	0.000007	0.000000	-1783762.456318	74	-1783762.750406	0.994424	4.915574e-01,1.622867e-01,1.960710e-02,1.548580e-01,1.074472e-01,1.861878e-02,2.011579e-02,1.953644e-02,5.972537e-03	0.369697	0.272002	0.049109	-2076171.365765	6
13	18	s3	s8	1372879	1.000000	0.000000	0.000000	0.000000	0.000000	0.000000	0.000000	0.000000	0.000000	0.000004	0.000000	0.000000	0.000002	0.000000	0.000000	0.000000	0.000000	0.000000	0.000004	-0.000000	-1788724.641707	58	-1788724.870002	0.994127	4.953290e-01,1.560824e-01,2.206525e-02,1.587282e-01,1.027473e-01,1.943278e-02,2.130594e-02,1.836838e-02,5.940718e-03	0.422115	0.259474	0.028677	-2075873.633607	6
13	19	s3	s9	1373125	0.980270	0.000128	0.019601	0.000000	0.000000	0.000000	0.000000	0.000000	0.000001	0.019666	0.000001	0.000001	0.009834	0.000001	0.000001	0.019601	0.000001	0.019602	0.019666	0.000000	-1787575.866237	82	-1	0.994305	4.991133e-01,1.551726e-01,1.919529e-02,1.505077e-01,1.100792e-01,2.030965e-02,1.884593e-02,1.990332e-02,6.872850e-03	0.345580	0.286713	0.060059	-2069862.749930	6
14	15	s4	s5	1372565	0.989924	0.000000	0.000000	0.010076	0.000000	0.000000	0.000000	0.000000	0.000000	0.000000	0.000000	0.010076	0.000000	0.000000	0.000000	0.000000	0.000000	0.000000	0.005038	-0.005038	-1848555.774656	70	-1	0.993899	4.779860e-01,1.503603e-01,2.966036e-02,1.632591e-01,1.088915e-01,2.179452e-02,2.392775e-02,1.768132e-02,6.439123e-03	0.492124	0.267755	0.003005	-2138212.282004	6
14	16	s4	s6	1372670	0.989891	0.000001	0.010108	0.000000	0.000000	0.000000	0.000000	0.000000	0.000000	0.010108	0.000000	0.000000	0.005054	0.000000	0.000000	0.010108	0.000000	0.010108	0.010108	0.000000	-1832923.892877	70	-1	0.993975	4.778438e-01,1.589830e-01,2.122221e-02,1.560910e-01,1.183655e-01,1.948584e-02,2.162572e-02,1.965523e-02,6.727709e-03	0.361997	0.298102	0.055284	-2116251.286195	6
14	17	s4	s7	1373116	1.000000	0.000000	0.000000	0.000000	0.000000	0.000000	0.000000	0.000000	0.000000	0.000002	0.000000	0.000000	0.000001	0.000000	0.000000	0.000000	0.000000	0.000000	0.000002	0.000000	-1808313.034597	74	-1808313.225434	0.994298	4.711312e-01,1.658642e-01,2.109598e-02,1.725600e-01,1.037396e-01,1.756238e-02,2.290116e-02,1.963455e-02,5.511005e-03	0.424111	0.247224	0.027003	-2111276.728006	6
14	18	s4	s8	1372707	1.000000	0.000000	0.000000	0.000000	0.000000	0.000000	0.000000	0.000000	0.000000	0.000002	0.000000	0.000000	0.000001	0.000000	0.000000	0.000000	0.000000	0.000000	0.000003	-0.000000	-1812814.725413	62	-1812814.883488	0.994002	4.814301e-01,1.550292e-01,2.168501e-02,1.719333e-01,1.022717e-01,1.961882e-02,2.207928e-02,1.987326e-02,6.079286e-03	0.427922	0.249310	0.025820	-2102740.883327	6
14	19	s4	s9	1372854	1.000000	0.000000	0.000000	0.000000	0.000000	0.000000	0.000000	0.000000	0.000000	0.000006	0.000000	0.000000	0.000003	0.000000	0.000000	0.000000	0.000000	0.000000	0.000006	-0.000000	-1812111.844236	46	-1812112.363117	0.994109	4.757433e-01,1.611279e-01,2.124399e-02,1.705183e-01,1.042431e-01,1.910549e-02,2.228008e-02,1.976488e-02,5.972925e-03	0.417525	0.251770	0.029698	-2109844.746009	6
15	16	s5	s6	1372546	0.989913	0.000000	0.000000	0.000000	0.000000	0.010087	0.000000	0.000000	0.000000	0.000000	0.010087	0.000000	0.000000	0.000000	0.000000	0.000000	0.000000	0.000000	0.005044	0.005044	-1851970.192520	78	-1	0.993886	4.769819e-01,1.644912e-01,2.367669e-02,1.485039e-01,1.110090e-01,1.742242e-02,2.998108e-02,2.153238e-02,6.401483e-03	0.483364	0.273686	0.006435	-2139131.851317	6
15	17	s5	s7	1372957	0.989898	0.000000	0.000000	0.000000	0.000000	0.010102	0.000000	0.000000	0.000000	0.000000	0.010102	0.000000	0.000000	0.000000	0.000000	0.000000	0.000000	0.000000	0.005051	0.005051	-1826735.593538	90	-1	0.994183	4.706667e-01,1.719679e-01,2.254151e-02,1.656801e-01,9.526589e-02,1.593291e-02,3.017157e-02,2.201454e-02,5.758872e-03	0.553326	0.222424	-0.017947	-2130990.232370	6
15	18	s5	s8	1372514	0.989982	0.000000	0.000000	0.000000	0.000000	0.010018	0.000000	0.000000	0.000000	0.000000	0.010018	0.000000	0.000000	0.000000	0.000000	0.000000	0.000000	0.000000	0.005009	0.005009	-1831321.529011	70	-1	0.993862	4.795621e-01,1.617774e-01,2.391039e-02,1.656805e-01,9.379075e-02,1.736730e-02,3.010037e-02,2.162218e-02,6.188948e-03	0.575864	0.223068	-0.025686	-2125005.553698	6
15	19	s5	s9	1372670	0.989962	0.000000	0.000000	0.000000	0.000000	0.010038	0.000000	0.000000	0.000000	0.000000	0.010038	0.000000	0.000000	0.000000	0.000000	0.000000	0.000000	0.000000	0.005019	0.005019	-1830946.754269	110	-1	0.993975	4.745240e-01,1.680095e-01,2.266826e-02,1.647174e-01,9.476022e-02,1.739774e-02,2.922668e-02,2.236478e-02,6.331354e-03	0.547645	0.223289	-0.016067	-2130769.611987	6
16	17	s6	s7	1373027	1.000000	0.000000	0.000000	0.000000	0.000000	0.000000	0.000000	0.000000	0.000000	0.000009	0.000003	0.000003	0.000006	0.000003	0.000003	0.000000	0.000003	0.000003	0.000009	0.000000	-1811331.763841	59	-1811332.975927	0.994234	4.702224e-01,1.647643e-01,2.060409e-02,1.738631e-01,1.052410e-01,1.784075e-02,2.244052e-02,1.925422e-02,5.769571e-03	0.409010	0.251312	0.032671	-2111544.338321	6
16	18	s6	s8	1372585	1.000000	0.000000	0.000000	0.000000	0.000000	0.000000	0.000000	0.000000	0.000000	0.000004	0.000000	0.000000	0.000002	0.000000	0.000000	0.000000	0.000000	0.000000	0.000004	-0.000000	-1815855.749111	74	-1815855.993065	0.993914	4.795427e-01,1.546091e-01,2.150417e-02,1.742391e-01,1.029884e-01,1.967169e-02,2.167142e-02,1.956255e-02,6.210878e-03	0.419228	0.250423	0.028982	-2103856.423617	6
16	19	s6	s9	1372816	1.000000	0.000000	0.000000	0.000000	0.000000	0.000000	0.000000	0.000000	0.000000	0.000009	0.000003	0.000003	0.000006	0.000003	0.000003	0.000000	0.000003	0.000003	0.000009	-0.000000	-1815305.790067	42	-1815306.778407	0.994081	4.743168e-01,1.606606e-01,2.066489e-02,1.729107e-01,1.045392e-01,1.948302e-02,2.130511e-02,1.993111e-02,6.188553e-03	0.401476	0.251929	0.035390	-2110166.334856	6
17	18	s7	s8	1373133	1.000000	0.000000	0.000000	0.000000	0.000000	0.000000	0.000000	0.000000	0.000000	0.000009	0.000002	0.000003	0.000005	0.000002	0.000002	0.000000	0.000002	0.000002	0.000010	-0.000001	-1790846.863469	54	-1790847.664734	0.994311	4.891238e-01,1.552769e-01,2.211562e-02,1.657683e-01,1.038916e-01,1.961535e-02,2.047864e-02,1.802480e-02,5.704992e-03	0.409987	0.258901	0.033017	-2082808.340881	6
17	19	s7	s9	1373296	1.000000	0.000000	0.000000	0.000000	0.000000	0.000000	0.000000	0.000000	0.000000	0.000010	0.000002	0.000002	0.000006	0.000002	0.000002	0.000000	0.000002	0.000002	0.000010	-0.000000	-1790053.801079	42	-1790054.782940	0.994429	4.836443e-01,1.612889e-01,2.159512e-02,1.641900e-01,1.058515e-01,1.922788e-02,2.059660e-02,1.804886e-02,5.556799e-03	0.398593	0.261396	0.037371	-2089648.724532	6
18	19	s8	s9	1372853	1.000000	0.000000	0.000000	0.000000	0.000000	0.000000	0.000000	0.000000	0.000000	0.000016	0.000002	0.000002	0.000009	0.000002	0.000002	0.000002	0.000002	0.000004	0.000016	0.000000	-1794686.549622	70	-1794687.355610	0.994108	4.929500e-01,1.616542e-01,2.077782e-02,1.539778e-01,1.039385e-01,1.929972e-02,2.157061e-02,1.955188e-02,6.279480e-03	0.407437	0.261921	0.034216	-2081494.330101	6
