a	b	nSites	J9	J8	J7	J6	J5	J4	J3	J2	J1	rab	Fa	Fb	theta	inbred_relatedness_1_2	inbred_relatedness_2_1	fraternity	identity	zygosity	2of3_IDB	FDiff	loglh	nIter	bestoptimll	coverage	2dsfs	R0	R1	KING	2dsfs_loglike	2dsfsf_niter
0	1	1372282	1.000000	0.000000	0.000000	0.000000	0.000000	0.000000	0.000000	0.000000	0.000000	0.000004	0.000001	0.000012	0.000002	0.000001	0.000001	0.000000	0.000001	0.000001	0.000009	-0.000006	-1811122.809823	50	-1811123.891842	0.993694	4.658214e-01,1.571249e-01,2.129409e-02,1.885395e-01,1.039192e-01,1.925576e-02,2.047856e-02,1.803041e-02,5.536178e-03	0.401973	0.244675	0.034486	-2109415.853873	6
0	2	1372449	1.000000	0.000000	0.000000	0.000000	0.000000	0.000000	0.000000	0.000000	0.000000	0.000006	0.000002	0.000002	0.000004	0.000002	0.000002	0.000000	0.000002	0.000002	0.000006	-0.000000	-1820049.795793	58	-1820050.873175	0.993815	4.566200e-01,1.663902e-01,2.119856e-02,1.896773e-01,1.040144e-01,1.803229e-02,2.117689e-02,1.788931e-02,5.001091e-03	0.407400	0.239463	0.032105	-2117866.427627	6
0	3	1372108	1.000000	0.000000	0.000000	0.000000	0.000000	0.000000	0.000000	0.000000	0.000000	0.000003	0.000002	0.000008	0.000003	0.000002	0.000002	0.000000	0.000002	0.000002	0.000006	-0.000003	-1817509.169001	50	-1817510.080319	0.993568	4.633734e-01,1.591510e-01,2.175725e-02,1.884236e-01,1.040496e-01,1.917612e-02,2.031923e-02,1.823953e-02,5.510204e-03	0.404389	0.243638	0.033547	-2114136.749118	6
0	4	1372909	0.494148	0.330654	0.175184	0.000005	0.000004	0.000001	0.000004	0.000000	0.000000	0.340517	0.000005	0.000010	0.170259	0.000002	0.000002	0.175185	0.000000	0.175185	0.340522	-0.000002	-1766551.030175	58	-1	0.994148	5.194409e-01,1.163155e-01,8.254152e-03,1.188521e-01,1.707901e-01,2.227344e-02,8.175388e-03,2.191487e-02,1.398350e-02	0.096197	0.577412	0.222134	-1997914.063823	6
0	5	1372353	1.000000	0.000000	0.000000	0.000000	0.000000	0.000000	0.000000	0.000000	0.000000	0.000003	0.000000	0.000000	0.000002	0.000000	0.000000	0.000001	0.000000	0.000001	0.000003	-0.000000	-1840983.823445	54	-1840984.180308	0.993746	4.535654e-01,1.689153e-01,2.164758e-02,1.749459e-01,1.187137e-01,1.814100e-02,2.127238e-02,1.770656e-02,5.092145e-03	0.361542	0.280894	0.053268	-2133794.535150	6
0	6	1372203	1.000000	0.000000	0.000000	0.000000	0.000000	0.000000	0.000000	0.000000	0.000000	0.000002	0.000002	0.000013	0.000002	0.000002	0.000002	0.000000	0.000002	0.000002	0.000008	-0.000005	-1818081.202898	62	-1818082.011407	0.993637	4.682156e-01,1.540629e-01,2.193287e-02,1.864187e-01,1.047743e-01,2.053283e-02,2.013232e-02,1.791179e-02,6.018613e-03	0.401484	0.248875	0.035080	-2112849.454765	6
0	7	1372597	1.000000	0.000000	0.000000	0.000000	0.000000	0.000000	0.000000	0.000000	0.000000	0.000006	0.000000	0.000000	0.000003	0.000000	0.000000	0.000000	0.000000	0.000000	0.000006	-0.000000	-1829507.770815	46	-1829508.409409	0.993922	4.555066e-01,1.683230e-01,2.031121e-02,1.734783e-01,1.206158e-01,1.769187e-02,2.091567e-02,1.800506e-02,5.152605e-03	0.341803	0.288055	0.061678	-2127860.041279	6
0	8	1372198	1.000000	0.000000	0.000000	0.000000	0.000000	0.000000	0.000000	0.000000	0.000000	0.000015	0.000001	0.000001	0.000008	0.000001	0.000001	0.000005	0.000001	0.000007	0.000015	-0.000000	-1832330.296451	59	-1832331.512543	0.993634	4.609189e-01,1.617305e-01,2.148685e-02,1.730136e-01,1.195464e-01,1.926257e-02,2.026981e-02,1.827282e-02,5.498474e-03	0.349293	0.288734	0.058938	-2127460.768972	6
0	9	1372129	1.000000	0.000000	0.000000	0.000000	0.000000	0.000000	0.000000	0.000000	0.000000	0.000005	0.000003	0.000003	0.000004	0.000003	0.000003	0.000000	0.000003	0.000003	0.000005	-0.000000	-1805286.676811	47	-1805287.776472	0.993584	4.559264e-01,1.668253e-01,2.143884e-02,1.903369e-01,1.034163e-01,1.796714e-02,2.135433e-02,1.803393e-02,4.700845e-03	0.413795	0.237217	0.029717	-2118052.189744	6
0	10	1372680	0.978968	0.000011	0.021022	0.000000	0.000000	0.000000	0.000000	0.000000	0.000000	0.021027	0.000000	0.000000	0.010514	0.000000	0.000000	0.021022	0.000000	0.021022	0.021027	-0.000000	-1832329.580782	70	-1	0.993983	4.703478e-01,1.534271e-01,2.034515e-02,1.648428e-01,1.267180e-01,2.027182e-02,1.825397e-02,1.909408e-02,6.699238e-03	0.304606	0.319805	0.081038	-2119250.872258	6
0	11	1374642	0.848283	0.018577	0.133121	0.000000	0.000000	0.000002	0.000016	0.000001	0.000000	0.142422	0.000018	0.000001	0.071213	0.000008	0.000000	0.133122	0.000000	0.133122	0.142427	0.000001	-2054301.030392	243	-1	0.995403	2.869856e-01,3.577381e-01,6.464273e-10,2.755926e-02,2.836598e-01,1.920337e-05,4.171373e-05,4.349146e-02,5.048392e-04	0.000147	0.661443	0.284679	-1816973.955341	9
0	12	1372321	1.000000	0.000000	0.000000	0.000000	0.000000	0.000000	0.000000	0.000000	0.000000	0.000004	0.000003	0.000008	0.000003	0.000003	0.000003	0.000000	0.000003	0.000003	0.000006	-0.000002	-1812389.048162	58	-1812389.960852	0.993723	4.669270e-01,1.557094e-01,2.159214e-02,1.883064e-01,1.040431e-01,1.938104e-02,2.025377e-02,1.787003e-02,5.917081e-03	0.402198	0.245899	0.034532	-2109725.898329	6
0	13	1372382	1.000000	0.000000	0.000000	0.000000	0.000000	0.000000	0.000000	0.000000	0.000000	0.000004	0.000002	0.000007	0.000003	0.000002	0.000002	0.000000	0.000002	0.000002	0.000006	-0.000003	-1807613.194515	42	-1807614.246697	0.993767	4.618866e-01,1.604464e-01,2.189725e-02,1.902652e-01,1.026488e-01,1.877087e-02,2.133593e-02,1.779570e-02,4.953224e-03	0.421176	0.238435	0.027309	-2113692.774786	6
0	14	1372322	1.000000	0.000000	0.000000	0.000000	0.000000	0.000000	0.000000	0.000000	0.000000	0.000005	0.000000	0.000000	0.000002	0.000000	0.000000	0.000001	0.000000	0.000002	0.000005	-0.000000	-1831477.620693	74	-1831477.947836	0.993723	4.640075e-01,1.581861e-01,2.201187e-02,1.740001e-01,1.178027e-01,1.997385e-02,2.004964e-02,1.791874e-02,6.049554e-03	0.357051	0.285832	0.055606	-2126491.587270	6
0	15	1372239	0.989969	0.000000	0.000000	0.010031	0.000000	0.000000	0.000000	0.000000	0.000000	0.000000	0.000000	0.010031	0.000000	0.000000	0.000000	0.000000	0.000000	0.000000	0.005016	-0.005016	-1850656.403218	98	-1	0.993663	4.621810e-01,1.510439e-01,3.082124e-02,1.804257e-01,1.098642e-01,2.156189e-02,2.250184e-02,1.606314e-02,5.537075e-03	0.485354	0.260084	0.005465	-2149504.812942	6
0	16	1372279	1.000000	0.000000	0.000000	0.000000	0.000000	0.000000	0.000000	0.000000	0.000000	0.000008	0.000000	0.000000	0.000004	0.000000	0.000000	0.000003	0.000000	0.000003	0.000008	-0.000000	-1834870.689789	58	-1834871.241559	0.993692	4.618295e-01,1.600653e-01,2.227639e-02,1.731593e-01,1.192425e-01,1.939159e-02,2.050778e-02,1.773139e-02,5.796256e-03	0.358800	0.288631	0.055309	-2129047.689119	6
0	17	1372744	1.000000	0.000000	0.000000	0.000000	0.000000	0.000000	0.000000	0.000000	0.000000	0.000006	0.000001	0.000001	0.000003	0.000001	0.000001	0.000000	0.000001	0.000001	0.000006	-0.000000	-1809847.617550	62	-1809848.526584	0.994029	4.568688e-01,1.661386e-01,2.118037e-02,1.886016e-01,1.051688e-01,1.796396e-02,2.105887e-02,1.794135e-02,5.077626e-03	0.401633	0.242949	0.034428	-2119254.846927	6
0	18	1372264	1.000000	0.000000	0.000000	0.000000	0.000000	0.000000	0.000000	0.000000	0.000000	0.000000	0.000000	0.000014	0.000000	0.000000	0.000000	0.000000	0.000000	0.000000	0.000007	-0.000007	-1814492.510944	58	-1814493.116751	0.993681	4.655169e-01,1.566974e-01,2.204750e-02,1.894228e-01,1.027765e-01,1.949980e-02,2.044123e-02,1.773797e-02,5.859910e-03	0.413409	0.241346	0.030224	-2112396.179205	6
0	19	1372442	1.000000	0.000000	0.000000	0.000000	0.000000	0.000000	0.000000	0.000000	0.000000	0.000009	0.000002	0.000002	0.000006	0.000002	0.000002	0.000000	0.000002	0.000002	0.000009	-0.000000	-1813965.106068	51	-1813966.312546	0.993810	4.629976e-01,1.603733e-01,2.085269e-02,1.853553e-01,1.067248e-01,1.963114e-02,2.010303e-02,1.808849e-02,5.873657e-03	0.383751	0.251470	0.041570	-2116766.673961	6
1	2	1372878	1.000000	0.000000	0.000000	0.000000	0.000000	0.000000	0.000000	0.000000	0.000000	0.000011	0.000002	0.000002	0.000007	0.000002	0.000002	0.000002	0.000002	0.000004	0.000011	0.000000	-1797460.193018	58	-1797460.972128	0.994126	4.897657e-01,1.646526e-01,2.044935e-02,1.565990e-01,1.043982e-01,1.805149e-02,2.114224e-02,1.922783e-02,5.713555e-03	0.398394	0.260916	0.037395	-2077400.790815	6
1	3	1372605	0.921467	0.037936	0.040597	0.000000	0.000000	0.000000	0.000000	0.000000	0.000000	0.059565	0.000000	0.000000	0.029783	0.000000	0.000000	0.040597	0.000000	0.040598	0.059565	-0.000000	-1792640.237256	98	-1	0.993928	5.080889e-01,1.483353e-01,1.845357e-02,1.460013e-01,1.122350e-01,2.081615e-02,1.805635e-02,2.087410e-02,7.139435e-03	0.325299	0.301272	0.069965	-2055827.968064	6
1	4	1372659	1.000000	0.000000	0.000000	0.000000	0.000000	0.000000	0.000000	0.000000	0.000000	0.000004	0.000006	0.000002	0.000003	0.000002	0.000002	0.000000	0.000002	0.000002	0.000006	0.000002	-1809411.942962	66	-1809412.767124	0.993967	4.694378e-01,1.848153e-01,2.062293e-02,1.557703e-01,1.049576e-01,1.833471e-02,2.145382e-02,1.909921e-02,5.508348e-03	0.400893	0.249842	0.035385	-2107148.393195	6
1	5	1372636	1.000000	0.000000	0.000000	0.000000	0.000000	0.000000	0.000000	0.000000	0.000000	0.000005	0.000012	0.000003	0.000004	0.000003	0.000003	0.000000	0.000003	0.000003	0.000009	0.000005	-1818591.902658	54	-1818593.046883	0.993951	4.725470e-01,1.814613e-01,2.084672e-02,1.564955e-01,1.045825e-01,1.799247e-02,2.084798e-02,1.920655e-02,6.020006e-03	0.398678	0.250887	0.036270	-2103352.413716	6
1	6	1372596	1.000000	0.000000	0.000000	0.000000	0.000000	0.000000	0.000000	0.000000	0.000000	0.000023	0.000002	0.000002	0.000012	0.000002	0.000002	0.000012	0.000002	0.000014	0.000023	-0.000000	-1795430.080468	94	-1795430.767768	0.993922	4.975239e-01,1.548927e-01,2.249799e-02,1.561834e-01,1.029278e-01,1.992529e-02,2.108094e-02,1.894174e-02,6.026303e-03	0.423393	0.261555	0.028373	-2075583.185243	6
1	7	1372877	1.000000	0.000000	0.000000	0.000000	0.000000	0.000000	0.000000	0.000000	0.000000	0.000003	0.000005	0.000002	0.000002	0.000001	0.000001	0.000000	0.000001	0.000001	0.000005	0.000002	-1807139.530707	70	-1807140.192197	0.994125	4.713464e-01,1.839107e-01,1.962471e-02,1.576971e-01,1.032619e-01,1.805865e-02,2.096564e-02,1.964236e-02,5.492475e-03	0.393082	0.245921	0.037692	-2100599.029046	6
1	8	1372593	1.000000	0.000000	0.000000	0.000000	0.000000	0.000000	0.000000	0.000000	0.000000	0.000010	0.000002	0.000002	0.000006	0.000002	0.000002	0.000000	0.000002	0.000002	0.000010	0.000000	-1809963.325151	58	-1809964.032211	0.993920	4.793869e-01,1.746893e-01,2.080827e-02,1.539693e-01,1.057171e-01,1.935919e-02,2.097314e-02,1.903135e-02,6.065500e-03	0.395219	0.258584	0.038297	-2098453.779880	6
1	9	1372571	1.000000	0.000000	0.000000	0.000000	0.000000	0.000000	0.000000	0.000000	0.000000	0.000009	0.000005	0.000005	0.000007	0.000005	0.000005	0.000000	0.000005	0.000005	0.000009	0.000000	-1782718.820085	47	-1782719.985342	0.993904	4.887690e-01,1.652419e-01,2.080441e-02,1.573731e-01,1.037907e-01,1.790938e-02,2.147750e-02,1.925944e-02,5.374535e-03	0.407377	0.258144	0.033888	-2078378.049096	6
1	10	1372973	1.000000	0.000000	0.000000	0.000000	0.000000	0.000000	0.000000	0.000000	0.000000	0.000006	0.000002	0.000002	0.000004	0.000002	0.000002	0.000000	0.000002	0.000002	0.000006	0.000000	-1810457.304202	50	-1810457.962769	0.994195	4.758174e-01,1.770365e-01,2.199779e-02,1.566884e-01,1.030381e-01,1.933584e-02,2.102693e-02,1.907270e-02,5.986327e-03	0.417561	0.248190	0.029381	-2106000.510690	6
1	11	1374696	1.000000	0.000000	0.000000	0.000000	0.000000	0.000000	0.000000	0.000000	0.000000	0.000000	0.000009	0.000001	0.000000	0.000000	0.000000	0.000000	0.000000	0.000000	0.000005	0.000004	-2052510.442409	67	-2052511.770901	0.995442	2.509032e-01,4.239643e-01,1.295450e-05,5.971934e-02,2.192223e-01,1.068077e-04,3.536643e-03,4.215522e-02,3.792952e-04	0.016192	0.414021	0.219956	-1875617.770273	7
1	12	1372742	1.000000	0.000000	0.000000	0.000000	0.000000	0.000000	0.000000	0.000000	0.000000	0.000118	0.000002	0.000002	0.000060	0.000002	0.000002	0.000108	0.000002	0.000110	0.000118	-0.000000	-1789885.272692	70	-1789886.307062	0.994027	4.988440e-01,1.548516e-01,2.116279e-02,1.558373e-01,1.037001e-01,1.952440e-02,2.074202e-02,1.911924e-02,6.218579e-03	0.404096	0.265057	0.035727	-2069780.796353	6
1	13	1372870	1.000000	0.000000	0.000000	0.000000	0.000000	0.000000	0.000000	0.000000	0.000000	0.000027	0.000002	0.000002	0.000015	0.000002	0.000002	0.000022	0.000002	0.000025	0.000027	0.000000	-1784932.385052	54	-1784933.189022	0.994120	4.963153e-01,1.576924e-01,2.085418e-02,1.560680e-01,1.040747e-01,1.892517e-02,2.113540e-02,1.910782e-02,5.827055e-03	0.403456	0.264295	0.035889	-2071159.935556	6
1	14	1372679	1.000000	0.000000	0.000000	0.000000	0.000000	0.000000	0.000000	0.000000	0.000000	0.000001	0.000000	0.000000	0.000000	0.000000	0.000000	0.000000	0.000000	0.000000	0.000001	0.000000	-1809337.709827	54	-1809337.760909	0.993982	4.810937e-01,1.720354e-01,2.179080e-02,1.560344e-01,1.030609e-01,1.993137e-02,2.103957e-02,1.872535e-02,6.288537e-03	0.415583	0.251640	0.030375	-2099611.278847	6
1	15	1372472	0.989926	0.000000	0.000000	0.010069	0.000000	0.000000	0.000000	0.000000	0.000004	0.000004	0.000004	0.010074	0.000004	0.000004	0.000004	0.000000	0.000004	0.000004	0.005039	-0.005035	-1827909.489464	63	-1	0.993832	4.805639e-01,1.653254e-01,2.897646e-02,1.621387e-01,9.451017e-02,2.238318e-02,2.250521e-02,1.702998e-02,6.566944e-03	0.544721	0.225907	-0.015206	-2120207.603873	6
1	16	1372624	1.000000	0.000000	0.000000	0.000000	0.000000	0.000000	0.000000	0.000000	0.000000	0.000002	0.000000	0.000000	0.000001	0.000000	0.000000	0.000000	0.000000	0.000000	0.000002	0.000000	-1812320.866994	54	-1812321.006279	0.993942	4.786769e-01,1.746107e-01,2.161111e-02,1.559998e-01,1.033605e-01,1.968797e-02,2.099329e-02,1.892332e-02,6.136508e-03	0.412192	0.250981	0.031516	-2101540.502334	6
1	17	1373160	1.000000	0.000000	0.000000	0.000000	0.000000	0.000000	0.000000	0.000000	0.000000	0.000005	0.000001	0.000001	0.000003	0.000001	0.000001	0.000000	0.000001	0.000001	0.000005	0.000000	-1787381.106247	54	-1787381.545909	0.994330	4.883465e-01,1.660088e-01,2.047560e-02,1.568015e-01,1.042516e-01,1.800531e-02,2.140851e-02,1.896800e-02,5.734151e-03	0.401760	0.259547	0.036044	-2080414.005908	6
1	18	1372699	1.000000	0.000000	0.000000	0.000000	0.000000	0.000000	0.000000	0.000000	0.000000	0.000038	0.000002	0.000002	0.000020	0.000002	0.000002	0.000031	0.000002	0.000034	0.000038	-0.000000	-1791889.379176	70	-1791890.141973	0.993996	4.978175e-01,1.550785e-01,2.199140e-02,1.565490e-01,1.031522e-01,1.932892e-02,2.102607e-02,1.894757e-02,6.108802e-03	0.417029	0.262526	0.030775	-2072629.234454	6
1	19	1372926	1.000000	0.000000	0.000000	0.000000	0.000000	0.000000	0.000000	0.000000	0.000000	0.000111	0.000002	0.000002	0.000057	0.000002	0.000002	0.000107	0.000002	0.000110	0.000111	0.000000	-1791315.407739	106	-1791316.390434	0.994161	4.950160e-01,1.593587e-01,2.051298e-02,1.530648e-01,1.064479e-01,1.953726e-02,2.041430e-02,1.934926e-02,6.298698e-03	0.384482	0.271386	0.043589	-2075947.982913	6
2	3	1372751	1.000000	0.000000	0.000000	0.000000	0.000000	0.000000	0.000000	0.000000	0.000000	0.000004	0.000000	0.000000	0.000002	0.000000	0.000000	0.000000	0.000000	0.000000	0.000004	-0.000000	-1803957.157530	86	-1803957.378068	0.994034	4.880886e-01,1.579326e-01,2.148274e-02,1.635790e-01,1.054429e-01,1.928832e-02,2.046415e-02,1.804631e-02,5.675323e-03	0.397816	0.263086	0.037823	-2081574.831035	6
2	4	1372802	1.000000	0.000000	0.000000	0.000000	0.000000	0.000000	0.000000	0.000000	0.000000	0.000003	0.000001	0.000000	0.000002	0.000000	0.000000	0.000000	0.000000	0.000000	0.000004	0.000000	-1818223.300457	42	-1818223.806585	0.994071	4.605381e-01,1.860552e-01,2.090681e-02,1.653463e-01,1.047778e-01,1.819099e-02,2.074464e-02,1.804346e-02,5.396791e-03	0.397522	0.244074	0.035960	-2114742.627018	6
2	5	1373565	0.547241	0.197480	0.255279	0.000000	0.000000	0.000000	0.000000	0.000000	0.000000	0.354019	0.000000	0.000000	0.177009	0.000000	0.000000	0.255279	0.000000	0.255279	0.354019	-0.000000	-1744538.636166	82	-1	0.994623	5.370858e-01,1.203842e-01,9.970467e-03,1.032876e-01,1.671944e-01,1.779977e-02,9.601767e-03,1.750243e-02,1.717369e-02	0.117063	0.600239	0.215804	-1960896.653535	6
2	6	1372851	1.000000	0.000000	0.000000	0.000000	0.000000	0.000000	0.000000	0.000000	0.000000	0.000014	0.000003	0.000004	0.000008	0.000003	0.000003	0.000000	0.000003	0.000003	0.000014	-0.000000	-1804609.251851	54	-1804610.322207	0.994106	4.899953e-01,1.547288e-01,2.280643e-02,1.639347e-01,1.043333e-01,1.999542e-02,2.086051e-02,1.765793e-02,5.687535e-03	0.418533	0.260844	0.030088	-2083632.741419	6
2	7	1373109	1.000000	0.000000	0.000000	0.000000	0.000000	0.000000	0.000000	0.000000	0.000000	0.000003	0.000002	0.000002	0.000003	0.000002	0.000002	0.000000	0.000002	0.000002	0.000003	0.000000	-1816287.066968	54	-1816287.713367	0.994293	4.633011e-01,1.841456e-01,2.008729e-02,1.660921e-01,1.042045e-01,1.795232e-02,2.059107e-02,1.850361e-02,5.122394e-03	0.390370	0.243826	0.038393	-2108217.366611	6
2	8	1372712	1.000000	0.000000	0.000000	0.000000	0.000000	0.000000	0.000000	0.000000	0.000000	0.000007	0.000001	0.000001	0.000004	0.000001	0.000001	0.000000	0.000001	0.000001	0.000007	0.000000	-1818999.099520	70	-1818999.823974	0.994006	4.689251e-01,1.771262e-01,2.146955e-02,1.649373e-01,1.041455e-01,1.919099e-02,2.046171e-02,1.815737e-02,5.586319e-03	0.402622	0.247175	0.034512	-2108445.535471	6
2	9	1372771	1.000000	0.000000	0.000000	0.000000	0.000000	0.000000	0.000000	0.000000	0.000000	0.000005	0.000000	0.000000	0.000003	0.000000	0.000000	0.000000	0.000000	0.000000	0.000005	0.000000	-1791669.410466	46	-1791669.891705	0.994048	4.812271e-01,1.654013e-01,2.084982e-02,1.654804e-01,1.046481e-01,1.815633e-02,2.093504e-02,1.818800e-02,5.113950e-03	0.399289	0.255856	0.036561	-2085511.997798	6
2	10	1373121	1.000000	0.000000	0.000000	0.000000	0.000000	0.000000	0.000000	0.000000	0.000000	0.000003	0.000000	0.000000	0.000002	0.000000	0.000000	0.000000	0.000000	0.000000	0.000003	0.000000	-1819168.012819	50	-1819168.359248	0.994302	4.685328e-01,1.773381e-01,2.165684e-02,1.645743e-01,1.037810e-01,1.990694e-02,2.041615e-02,1.803669e-02,5.757160e-03	0.405402	0.245968	0.033426	-2112163.570632	6
2	11	1374922	1.000000	0.000000	0.000000	0.000000	0.000000	0.000000	0.000000	0.000000	0.000000	0.000000	0.000007	0.000000	0.000000	0.000000	0.000000	0.000000	0.000000	0.000000	0.000003	0.000003	-2061709.279893	46	-2061709.781623	0.995606	2.423392e-01,4.251770e-01,1.080042e-05,6.822683e-02,2.199414e-01,1.127870e-04,3.532538e-03,4.029654e-02,3.628750e-04	0.016110	0.409303	0.218605	-1886330.259489	9
2	12	1372887	1.000000	0.000000	0.000000	0.000000	0.000000	0.000000	0.000000	0.000000	0.000000	0.000004	0.000000	0.000000	0.000002	0.000000	0.000000	0.000000	0.000000	0.000001	0.000004	-0.000000	-1798894.638799	58	-1798894.865348	0.994132	4.905386e-01,1.555725e-01,2.138388e-02,1.643598e-01,1.042487e-01,1.970534e-02,2.059226e-02,1.776059e-02,5.838389e-03	0.402654	0.261030	0.035866	-2078411.361419	6
2	13	1373104	1.000000	0.000000	0.000000	0.000000	0.000000	0.000000	0.000000	0.000000	0.000000	0.000005	0.000000	0.000000	0.000003	0.000000	0.000000	0.000000	0.000000	0.000000	0.000005	-0.000000	-1794344.919410	50	-1794345.313245	0.994290	4.875820e-01,1.580745e-01,2.182892e-02,1.646392e-01,1.049722e-01,1.867080e-02,2.127158e-02,1.782023e-02,5.140574e-03	0.410590	0.260927	0.032981	-2081113.713243	6
2	14	1372881	1.000000	0.000000	0.000000	0.000000	0.000000	0.000000	0.000000	0.000000	0.000000	0.000002	0.000000	0.000000	0.000001	0.000000	0.000000	0.000000	0.000000	0.000000	0.000002	-0.000000	-1818404.751320	94	-1818404.950217	0.994128	4.737044e-01,1.718098e-01,2.199966e-02,1.640582e-01,1.040542e-01,2.019348e-02,2.034117e-02,1.801258e-02,5.826492e-03	0.406911	0.249881	0.033276	-2106753.904055	6
2	15	1372748	0.989987	0.000000	0.000000	0.010013	0.000000	0.000000	0.000000	0.000000	0.000000	0.000000	0.000000	0.010013	0.000000	0.000000	0.000000	0.000000	0.000000	0.000000	0.005006	-0.005006	-1837228.601814	94	-1	0.994032	4.711508e-01,1.661298e-01,3.020141e-02,1.713879e-01,9.483689e-02,2.203987e-02,2.262474e-02,1.593486e-02,5.693770e-03	0.557021	0.221417	-0.019137	-2129445.429365	6
2	16	1372831	1.000000	0.000000	0.000000	0.000000	0.000000	0.000000	0.000000	0.000000	0.000000	0.000002	0.000000	0.000000	0.000001	0.000000	0.000000	0.000000	0.000000	0.000000	0.000002	0.000000	-1821555.568482	46	-1821555.729415	0.994092	4.705524e-01,1.745918e-01,2.237924e-02,1.643835e-01,1.045693e-01,1.932665e-02,2.071097e-02,1.773927e-02,5.746916e-03	0.412073	0.249491	0.031424	-2109922.729189	6
2	17	1373309	1.000000	0.000000	0.000000	0.000000	0.000000	0.000000	0.000000	0.000000	0.000000	0.000006	0.000001	0.000001	0.000003	0.000001	0.000001	0.000000	0.000001	0.000001	0.000006	0.000000	-1796309.444370	46	-1796310.095780	0.994438	4.802375e-01,1.660406e-01,2.118431e-02,1.653164e-01,1.052256e-01,1.775935e-02,2.099600e-02,1.797978e-02,5.260448e-03	0.400856	0.257102	0.036127	-2088490.759136	6
2	18	1372916	1.000000	0.000000	0.000000	0.000000	0.000000	0.000000	0.000000	0.000000	0.000000	0.000004	0.000000	0.000000	0.000002	0.000000	0.000000	0.000000	0.000000	0.000000	0.000004	-0.000000	-1800976.418896	102	-1800976.657316	0.994153	4.906029e-01,1.548575e-01,2.206193e-02,1.644334e-01,1.041864e-01,1.963652e-02,2.036510e-02,1.813627e-02,5.720052e-03	0.407223	0.260798	0.034190	-2079884.607644	6
2	19	1373070	1.000000	0.000000	0.000000	0.000000	0.000000	0.000000	0.000000	0.000000	0.000000	0.000003	0.000000	0.000000	0.000002	0.000000	0.000000	0.000000	0.000000	0.000000	0.000003	-0.000000	-1800267.346259	78	-1800267.588986	0.994265	4.838172e-01,1.622886e-01,2.141268e-02,1.641838e-01,1.045993e-01,1.949158e-02,2.050782e-02,1.824583e-02,5.453233e-03	0.400772	0.257551	0.036202	-2087951.507027	6
3	4	1372461	1.000000	0.000000	0.000000	0.000000	0.000000	0.000000	0.000000	0.000000	0.000000	0.000006	0.000005	0.000002	0.000004	0.000002	0.000002	0.000000	0.000002	0.000002	0.000007	0.000001	-1815659.649716	50	-1815660.628983	0.993824	4.672268e-01,1.844983e-01,2.043347e-02,1.579312e-01,1.050585e-01,1.841239e-02,2.147667e-02,1.934289e-02,5.619894e-03	0.398922	0.248898	0.035979	-2111288.994209	6
3	5	1372467	1.000000	0.000000	0.000000	0.000000	0.000000	0.000000	0.000000	0.000000	0.000000	0.000006	0.000008	0.000003	0.000005	0.000003	0.000003	0.000000	0.000003	0.000003	0.000008	0.000002	-1825084.530161	62	-1825085.637308	0.993828	4.697299e-01,1.816199e-01,2.075532e-02,1.586317e-01,1.042819e-01,1.854508e-02,2.155576e-02,1.931829e-02,5.562084e-03	0.405738	0.248039	0.033510	-2108879.036283	6
3	6	1372494	1.000000	0.000000	0.000000	0.000000	0.000000	0.000000	0.000000	0.000000	0.000000	0.000022	0.000000	0.000000	0.000011	0.000000	0.000000	0.000019	0.000000	0.000019	0.000022	-0.000000	-1802267.808010	78	-1802268.205380	0.993848	4.953527e-01,1.540079e-01,2.279351e-02,1.577304e-01,1.040224e-01,1.967296e-02,2.168383e-02,1.875485e-02,5.981473e-03	0.427575	0.263586	0.026993	-2080705.888366	6
3	7	1372697	1.000000	0.000000	0.000000	0.000000	0.000000	0.000000	0.000000	0.000000	0.000000	0.000004	0.000009	0.000002	0.000003	0.000001	0.000002	0.000000	0.000001	0.000001	0.000008	0.000004	-1813542.809362	62	-1813543.869545	0.993995	4.689478e-01,1.829155e-01,2.030232e-02,1.591803e-01,1.047090e-01,1.748511e-02,2.194765e-02,1.914233e-02,5.369964e-03	0.403499	0.248731	0.034361	-2106020.065409	6
3	8	1372433	1.000000	0.000000	0.000000	0.000000	0.000000	0.000000	0.000000	0.000000	0.000000	0.000009	0.000001	0.000001	0.000005	0.000001	0.000001	0.000000	0.000001	0.000001	0.000009	0.000000	-1816500.572789	69	-1816501.189319	0.993804	4.780394e-01,1.730323e-01,2.109399e-02,1.555659e-01,1.066737e-01,1.917841e-02,2.074185e-02,1.969500e-02,5.979484e-03	0.392185	0.260620	0.039603	-2102467.661370	6
3	9	1372385	1.000000	0.000000	0.000000	0.000000	0.000000	0.000000	0.000000	0.000000	0.000000	0.000002	0.000000	0.000000	0.000001	0.000000	0.000000	0.000000	0.000000	0.000000	0.000002	0.000000	-1789173.528411	50	-1789173.743058	0.993769	4.859694e-01,1.652045e-01,2.093056e-02,1.598306e-01,1.037839e-01,1.780755e-02,2.178799e-02,1.933064e-02,5.354903e-03	0.411611	0.256325	0.032202	-2083534.979230	6
3	10	1372847	1.000000	0.000000	0.000000	0.000000	0.000000	0.000000	0.000000	0.000000	0.000000	0.000007	0.000004	0.000004	0.000006	0.000004	0.000004	0.000000	0.000004	0.000004	0.000007	0.000000	-1817047.840662	66	-1817048.799724	0.994104	4.744417e-01,1.759275e-01,2.178647e-02,1.579813e-01,1.038321e-01,1.959621e-02,2.109501e-02,1.938935e-02,5.950488e-03	0.412989	0.249731	0.031124	-2109776.267772	6
3	11	1374536	1.000000	0.000000	0.000000	0.000000	0.000000	0.000000	0.000000	0.000000	0.000000	0.000001	0.000002	0.000002	0.000000	0.000000	0.000000	0.000000	0.000000	0.000000	0.000003	-0.000000	-2059150.270320	67	-2059152.648371	0.995327	2.494261e-01,4.227320e-01,6.760476e-06,6.092323e-02,2.203774e-01,1.017834e-04,3.730315e-03,4.232656e-02,3.757799e-04	0.016958	0.415947	0.220206	-1880591.946473	9
3	12	1372607	1.000000	0.000000	0.000000	0.000000	0.000000	0.000000	0.000000	0.000000	0.000000	0.000024	0.000000	0.000000	0.000012	0.000000	0.000000	0.000018	0.000000	0.000018	0.000024	-0.000000	-1796567.574763	78	-1796567.914429	0.993930	4.968048e-01,1.540772e-01,2.127044e-02,1.575899e-01,1.043327e-01,1.948690e-02,2.109527e-02,1.920340e-02,6.139353e-03	0.406063	0.265665	0.035064	-2074596.502555	6
3	13	1372732	1.000000	0.000000	0.000000	0.000000	0.000000	0.000000	0.000000	0.000000	0.000000	0.000090	0.000001	0.000001	0.000045	0.000001	0.000001	0.000088	0.000001	0.000089	0.000090	0.000000	-1791680.333215	94	-1791680.975949	0.994020	4.955357e-01,1.563774e-01,2.023114e-02,1.569828e-01,1.053016e-01,1.913936e-02,2.095059e-02,1.926300e-02,6.218414e-03	0.391084	0.267981	0.040789	-2073727.346721	6
3	14	1372530	1.000000	0.000000	0.000000	0.000000	0.000000	0.000000	0.000000	0.000000	0.000000	0.000007	0.000000	0.000000	0.000004	0.000000	0.000000	0.000000	0.000000	0.000000	0.000007	0.000000	-1815803.839332	50	-1815804.301208	0.993874	4.791664e-01,1.711055e-01,2.191802e-02,1.577048e-01,1.038494e-01,1.985232e-02,2.129531e-02,1.886137e-02,6.246812e-03	0.416115	0.252837	0.030289	-2104053.871920	6
3	15	1372330	0.989822	0.000000	0.000000	0.010177	0.000000	0.000000	0.000000	0.000000	0.000000	0.000000	0.000000	0.010178	0.000000	0.000000	0.000000	0.000000	0.000000	0.000000	0.005089	-0.005089	-1834511.896423	82	-1	0.993729	4.775443e-01,1.647530e-01,2.984394e-02,1.649991e-01,9.471743e-02,2.166321e-02,2.270444e-02,1.734094e-02,6.433674e-03	0.554791	0.224819	-0.018595	-2125844.020266	6
3	16	1372473	1.000000	0.000000	0.000000	0.000000	0.000000	0.000000	0.000000	0.000000	0.000000	0.000010	0.000003	0.000003	0.000007	0.000003	0.000003	0.000000	0.000003	0.000003	0.000010	0.000000	-1819069.046647	70	-1819070.042691	0.993833	4.767800e-01,1.736010e-01,2.180759e-02,1.572998e-01,1.044489e-01,1.964911e-02,2.154435e-02,1.887926e-02,5.990038e-03	0.415054	0.253037	0.030683	-2106413.147156	6
3	17	1372924	1.000000	0.000000	0.000000	0.000000	0.000000	0.000000	0.000000	0.000000	0.000000	0.000015	0.000002	0.000002	0.000008	0.000002	0.000002	0.000004	0.000002	0.000006	0.000015	0.000000	-1793691.877221	58	-1793692.756447	0.994159	4.888737e-01,1.630725e-01,2.012401e-02,1.563600e-01,1.068482e-01,1.827673e-02,2.134448e-02,1.930628e-02,5.794040e-03	0.388107	0.268137	0.041897	-2081791.389326	6
3	18	1372585	1.000000	0.000000	0.000000	0.000000	0.000000	0.000000	0.000000	0.000000	0.000000	0.000005	0.000000	0.000000	0.000002	0.000000	0.000000	0.000002	0.000000	0.000002	0.000005	-0.000000	-1798651.422078	74	-1798651.530947	0.993914	4.962404e-01,1.545705e-01,2.132379e-02,1.578260e-01,1.037142e-01,1.987921e-02,2.133935e-02,1.890936e-02,6.197203e-03	0.411353	0.263335	0.032917	-2076476.278679	6
3	19	1372715	1.000000	0.000000	0.000000	0.000000	0.000000	0.000000	0.000000	0.000000	0.000000	0.000007	0.000000	0.000001	0.000004	0.000000	0.000000	0.000000	0.000000	0.000000	0.000007	-0.000000	-1797938.500257	90	-1797938.942024	0.994008	4.895446e-01,1.613434e-01,2.122909e-02,1.575232e-01,1.047871e-01,1.914066e-02,2.137595e-02,1.908442e-02,5.971545e-03	0.406587	0.262167	0.034548	-2084780.140806	6
4	5	1372677	1.000000	0.000000	0.000000	0.000000	0.000000	0.000000	0.000000	0.000000	0.000000	0.000003	0.000000	0.000000	0.000001	0.000000	0.000000	0.000000	0.000000	0.000000	0.000003	-0.000000	-1839136.389973	46	-1839136.625618	0.993980	4.585535e-01,1.666624e-01,2.132694e-02,1.703109e-01,1.203905e-01,1.825613e-02,2.094882e-02,1.827328e-02,5.277537e-03	0.351155	0.289554	0.058343	-2129412.971654	6
4	6	1372530	1.000000	0.000000	0.000000	0.000000	0.000000	0.000000	0.000000	0.000000	0.000000	0.000000	0.000000	0.000008	0.000000	0.000000	0.000000	0.000000	0.000000	0.000000	0.000004	-0.000004	-1816284.628967	70	-1816284.956714	0.993874	4.696111e-01,1.546219e-01,2.241695e-02,1.849721e-01,1.037517e-01,2.014832e-02,2.022625e-02,1.835553e-02,5.896180e-03	0.411012	0.246593	0.031532	-2112277.909311	6
4	7	1372869	1.000000	0.000000	0.000000	0.000000	0.000000	0.000000	0.000000	0.000000	0.000000	0.000001	0.000000	0.000000	0.000000	0.000000	0.000000	0.000000	0.000000	0.000000	0.000001	0.000000	-1827489.932896	54	-1827489.998745	0.994119	4.583285e-01,1.677754e-01,2.044458e-02,1.704325e-01,1.209515e-01,1.757865e-02,2.119240e-02,1.817740e-02,5.119137e-03	0.344245	0.291028	0.061178	-2125629.976489	6
4	8	1372574	1.000000	0.000000	0.000000	0.000000	0.000000	0.000000	0.000000	0.000000	0.000000	0.000027	0.000000	0.000000	0.000013	0.000000	0.000000	0.000027	0.000000	0.000027	0.000027	-0.000000	-1830632.859250	70	-1830633.280744	0.993906	4.658211e-01,1.593190e-01,2.141152e-02,1.679048e-01,1.218962e-01,1.916215e-02,2.050276e-02,1.835164e-02,5.630719e-03	0.343852	0.299756	0.062557	-2123223.866172	6
4	9	1372475	1.000000	0.000000	0.000000	0.000000	0.000000	0.000000	0.000000	0.000000	0.000000	0.000006	0.000001	0.000003	0.000004	0.000001	0.000001	0.000000	0.000001	0.000001	0.000007	-0.000001	-1803367.177568	51	-1803368.351220	0.993834	4.586206e-01,1.666919e-01,2.131942e-02,1.873104e-01,1.036584e-01,1.789115e-02,2.171417e-02,1.793504e-02,4.858924e-03	0.415148	0.239472	0.029459	-2116310.362737	6
4	10	1372938	1.000000	0.000000	0.000000	0.000000	0.000000	0.000000	0.000000	0.000000	0.000000	0.000024	0.000000	0.000000	0.000012	0.000000	0.000000	0.000015	0.000000	0.000015	0.000024	0.000000	-1830702.297216	90	-1830703.282590	0.994169	4.647589e-01,1.598313e-01,2.198899e-02,1.679577e-01,1.213218e-01,1.964750e-02,2.074540e-02,1.807860e-02,5.669793e-03	0.352240	0.297176	0.058953	-2128074.700286	6
4	11	1374890	0.932943	0.000019	0.067036	0.000000	0.000000	0.000001	0.000000	0.000001	0.000000	0.067046	0.000002	0.000002	0.033523	0.000000	0.000000	0.067037	0.000000	0.067038	0.067047	0.000000	-2068382.640425	67	-1	0.995583	2.698932e-01,3.769633e-01,2.350228e-06,4.375195e-02,2.648989e-01,4.267005e-05,6.394445e-04,4.335386e-02,4.543699e-04	0.002423	0.569977	0.265231	-1858819.384477	10
4	12	1372632	1.000000	0.000000	0.000000	0.000000	0.000000	0.000000	0.000000	0.000000	0.000000	0.000002	0.000000	0.000008	0.000001	0.000000	0.000000	0.000000	0.000000	0.000000	0.000006	-0.000004	-1810505.314825	46	-1810505.892773	0.993948	4.698064e-01,1.553616e-01,2.145793e-02,1.853508e-01,1.041340e-01,1.939712e-02,2.035537e-02,1.810578e-02,6.031076e-03	0.401534	0.247921	0.034967	-2107689.202769	6
4	13	1372791	1.000000	0.000000	0.000000	0.000000	0.000000	0.000000	0.000000	0.000000	0.000000	0.000005	0.000003	0.000006	0.000004	0.000003	0.000003	0.000000	0.000003	0.000003	0.000007	-0.000002	-1805844.598965	46	-1805845.693298	0.994063	4.663063e-01,1.586653e-01,2.164670e-02,1.862005e-01,1.041080e-01,1.854710e-02,2.102980e-02,1.808029e-02,5.416025e-03	0.409925	0.245439	0.031804	-2110337.087813	6
4	14	1372671	1.000000	0.000000	0.000000	0.000000	0.000000	0.000000	0.000000	0.000000	0.000000	0.000009	0.000000	0.000000	0.000005	0.000000	0.000000	0.000000	0.000000	0.000000	0.000009	0.000000	-1829858.203591	94	-1829858.811119	0.993976	4.674121e-01,1.570329e-01,2.218142e-02,1.701923e-01,1.187669e-01,1.996275e-02,2.048541e-02,1.810184e-02,5.864309e-03	0.359248	0.291126	0.055461	-2124238.527903	6
4	15	1372535	0.989916	0.000000	0.000000	0.010084	0.000000	0.000000	0.000000	0.000000	0.000000	0.000000	0.000000	0.010084	0.000000	0.000000	0.000000	0.000000	0.000000	0.000000	0.005042	-0.005042	-1848678.511669	94	-1	0.993878	4.647401e-01,1.508804e-01,3.089492e-02,1.774995e-01,1.098881e-01,2.157948e-02,2.290338e-02,1.618734e-02,5.426686e-03	0.489573	0.261673	0.003911	-2147782.612276	6
4	16	1372646	1.000000	0.000000	0.000000	0.000000	0.000000	0.000000	0.000000	0.000000	0.000000	0.000090	0.000000	0.000000	0.000045	0.000000	0.000000	0.000090	0.000000	0.000090	0.000090	-0.000000	-1833072.458893	82	-1833073.258792	0.993958	4.675011e-01,1.574291e-01,2.165099e-02,1.678254e-01,1.212176e-01,1.989023e-02,2.021098e-02,1.837454e-02,5.900116e-03	0.345346	0.299021	0.061875	-2123774.944625	6
4	17	1373098	1.000000	0.000000	0.000000	0.000000	0.000000	0.000000	0.000000	0.000000	0.000000	0.000004	0.000001	0.000002	0.000002	0.000001	0.000001	0.000000	0.000001	0.000001	0.000005	-0.000001	-1808038.629029	50	-1808039.378808	0.994285	4.591923e-01,1.663015e-01,2.112463e-02,1.863103e-01,1.045269e-01,1.803858e-02,2.104062e-02,1.844500e-02,5.020136e-03	0.403392	0.242375	0.033765	-2117756.151524	6
4	18	1372630	1.000000	0.000000	0.000000	0.000000	0.000000	0.000000	0.000000	0.000000	0.000000	0.000000	0.000000	0.000005	0.000000	0.000000	0.000000	0.000000	0.000000	0.000000	0.000003	-0.000002	-1812689.463989	54	-1812689.706579	0.993946	4.689838e-01,1.560457e-01,2.162062e-02,1.862540e-01,1.027738e-01,1.982363e-02,2.019034e-02,1.836201e-02,5.946126e-03	0.406825	0.243369	0.032680	-2109718.085810	6
4	19	1372754	1.000000	0.000000	0.000000	0.000000	0.000000	0.000000	0.000000	0.000000	0.000000	0.000003	0.000000	0.000001	0.000002	0.000000	0.000000	0.000000	0.000000	0.000000	0.000003	-0.000000	-1812004.748949	50	-1812005.148719	0.994036	4.631112e-01,1.622429e-01,2.129117e-02,1.847460e-01,1.047497e-01,1.936972e-02,2.063848e-02,1.818728e-02,5.663572e-03	0.400284	0.245617	0.035166	-2117121.156742	6
5	6	1372545	1.000000	0.000000	0.000000	0.000000	0.000000	0.000000	0.000000	0.000000	0.000000	0.000000	0.000000	0.000003	0.000000	0.000000	0.000000	0.000000	0.000000	0.000000	0.000001	-0.000001	-1825480.637891	54	-1825480.739764	0.993885	4.708427e-01,1.558298e-01,2.321530e-02,1.826622e-01,1.029329e-01,1.964787e-02,2.126304e-02,1.799206e-02,5.613990e-03	0.432110	0.244723	0.024014	-2111425.910527	6
5	7	1372896	1.000000	0.000000	0.000000	0.000000	0.000000	0.000000	0.000000	0.000000	0.000000	0.000006	0.000000	0.000000	0.000003	0.000000	0.000000	0.000003	0.000000	0.000003	0.000006	0.000000	-1836954.803155	54	-1836955.242637	0.994139	4.607966e-01,1.687852e-01,2.022384e-02,1.678701e-01,1.194981e-01,1.793168e-02,2.126228e-02,1.861371e-02,5.018509e-03	0.347170	0.288165	0.059664	-2123066.097217	6
5	8	1372587	1.000000	0.000000	0.000000	0.000000	0.000000	0.000000	0.000000	0.000000	0.000000	0.000020	0.000000	0.000000	0.000010	0.000000	0.000000	0.000018	0.000000	0.000018	0.000020	-0.000000	-1839999.619952	66	-1840000.207499	0.993915	4.662410e-01,1.616553e-01,2.188899e-02,1.670933e-01,1.194679e-01,1.878565e-02,2.085420e-02,1.842657e-02,5.587154e-03	0.357780	0.292309	0.056177	-2122874.445123	6
5	9	1372462	1.000000	0.000000	0.000000	0.000000	0.000000	0.000000	0.000000	0.000000	0.000000	0.000003	0.000001	0.000002	0.000002	0.000001	0.000001	0.000000	0.000001	0.000001	0.000004	-0.000001	-1812613.420432	50	-1812614.107753	0.993825	4.615702e-01,1.666685e-01,2.158754e-02,1.845341e-01,1.032356e-01,1.748750e-02,2.153380e-02,1.835177e-02,5.030909e-03	0.417698	0.239992	0.028631	-2113211.201687	6
5	10	1372966	1.000000	0.000000	0.000000	0.000000	0.000000	0.000000	0.000000	0.000000	0.000000	0.000012	0.000000	0.000000	0.000006	0.000000	0.000000	0.000009	0.000000	0.000009	0.000012	-0.000000	-1840000.143175	70	-1840000.561905	0.994190	4.658215e-01,1.621702e-01,2.182743e-02,1.671656e-01,1.185164e-01,1.962576e-02,2.050366e-02,1.848272e-02,5.886718e-03	0.357175	0.289223	0.056006	-2126416.242113	6
5	11	1374697	1.000000	0.000000	0.000000	0.000000	0.000000	0.000000	0.000000	0.000000	0.000000	0.000002	0.000001	0.000001	0.000001	0.000000	0.000000	0.000000	0.000000	0.000000	0.000003	-0.000000	-2082597.103644	50	-2082598.318917	0.995443	2.350675e-01,4.148527e-01,4.023917e-06,7.541775e-02,2.296900e-01,1.233495e-04,3.525123e-03,4.095295e-02,3.665647e-04	0.015365	0.429427	0.224716	-1908748.720516	9
5	12	1372693	1.000000	0.000000	0.000000	0.000000	0.000000	0.000000	0.000000	0.000000	0.000000	0.000007	0.000005	0.000005	0.000006	0.000005	0.000005	0.000000	0.000005	0.000005	0.000007	-0.000000	-1819908.453305	54	-1819909.490805	0.993992	4.723783e-01,1.557708e-01,2.175359e-02,1.823437e-01,1.036919e-01,1.920859e-02,2.075996e-02,1.812638e-02,5.966706e-03	0.409999	0.248089	0.032024	-2105439.247776	6
5	13	1372774	1.000000	0.000000	0.000000	0.000000	0.000000	0.000000	0.000000	0.000000	0.000000	0.000008	0.000001	0.000001	0.000004	0.000001	0.000001	0.000000	0.000001	0.000001	0.000008	-0.000000	-1815120.723888	46	-1815121.647849	0.994051	4.683246e-01,1.602242e-01,2.134588e-02,1.837359e-01,1.026447e-01,1.884293e-02,2.142432e-02,1.803279e-02,5.424652e-03	0.416682	0.242312	0.029182	-2107953.417760	6
5	14	1372755	1.000000	0.000000	0.000000	0.000000	0.000000	0.000000	0.000000	0.000000	0.000000	0.000054	0.000000	0.000000	0.000027	0.000000	0.000000	0.000049	0.000000	0.000049	0.000054	-0.000000	-1839356.227295	62	-1839357.264406	0.994037	4.702563e-01,1.574429e-01,2.213519e-02,1.673680e-01,1.179053e-01,2.005455e-02,2.039189e-02,1.859701e-02,5.848929e-03	0.360689	0.290415	0.054818	-2121108.569178	6
5	15	1372587	0.989951	0.000000	0.000000	0.010049	0.000000	0.000000	0.000000	0.000000	0.000000	0.000000	0.000000	0.010049	0.000000	0.000000	0.000000	0.000000	0.000000	0.000000	0.005025	-0.005025	-1857780.619871	78	-1	0.993915	4.676837e-01,1.516515e-01,3.044230e-02,1.748539e-01,1.088163e-01,2.165676e-02,2.260253e-02,1.646053e-02,5.832546e-03	0.487472	0.260533	0.004683	-2144202.922984	6
5	16	1372637	1.000000	0.000000	0.000000	0.000000	0.000000	0.000000	0.000000	0.000000	0.000000	0.000100	0.000000	0.000000	0.000050	0.000000	0.000000	0.000099	0.000000	0.000099	0.000100	-0.000000	-1842422.263035	62	-1842423.201195	0.993951	4.684708e-01,1.592590e-01,2.205068e-02,1.662417e-01,1.195644e-01,1.955640e-02,2.085039e-02,1.814791e-02,5.858656e-03	0.358811	0.294417	0.056052	-2122867.891242	6
5	17	1373111	1.000000	0.000000	0.000000	0.000000	0.000000	0.000000	0.000000	0.000000	0.000000	0.000007	0.000002	0.000002	0.000004	0.000002	0.000002	0.000000	0.000002	0.000002	0.000007	-0.000000	-1817441.148351	50	-1817442.194554	0.994295	4.638340e-01,1.654125e-01,2.063984e-02,1.815116e-01,1.054198e-01,1.827889e-02,2.117607e-02,1.841168e-02,5.315697e-03	0.396661	0.247795	0.036652	-2113456.265436	6
5	18	1372623	1.000000	0.000000	0.000000	0.000000	0.000000	0.000000	0.000000	0.000000	0.000000	0.000003	0.000000	0.000014	0.000002	0.000000	0.000000	0.000000	0.000000	0.000000	0.000010	-0.000007	-1822066.818518	46	-1822067.670751	0.993941	4.711518e-01,1.564022e-01,2.234136e-02,1.832994e-01,1.026784e-01,1.925528e-02,2.095252e-02,1.809273e-02,5.826221e-03	0.421645	0.244273	0.027628	-2108094.313305	6
5	19	1372850	1.000000	0.000000	0.000000	0.000000	0.000000	0.000000	0.000000	0.000000	0.000000	0.000001	0.000000	0.000006	0.000001	0.000000	0.000000	0.000000	0.000000	0.000000	0.000003	-0.000003	-1821421.606036	54	-1821422.071998	0.994106	4.643353e-01,1.636406e-01,2.190802e-02,1.830388e-01,1.033002e-01,1.891281e-02,2.108445e-02,1.820413e-02,5.575745e-03	0.416190	0.242041	0.029328	-2116043.776678	6
6	7	1372765	1.000000	0.000000	0.000000	0.000000	0.000000	0.000000	0.000000	0.000000	0.000000	0.000004	0.000015	0.000003	0.000003	0.000003	0.000003	0.000000	0.000003	0.000003	0.000010	0.000006	-1814092.481246	58	-1814093.524968	0.994044	4.723940e-01,1.826605e-01,1.973006e-02,1.550073e-01,1.039380e-01,1.777357e-02,2.261313e-02,2.023977e-02,5.643692e-03	0.407389	0.248641	0.032990	-2105777.385392	6
6	8	1372490	1.000000	0.000000	0.000000	0.000000	0.000000	0.000000	0.000000	0.000000	0.000000	0.000005	0.000003	0.000001	0.000003	0.000001	0.000001	0.000000	0.000001	0.000001	0.000006	0.000001	-1817151.111152	62	-1817151.558649	0.993845	4.779229e-01,1.756800e-01,2.117389e-02,1.537808e-01,1.039583e-01,1.906593e-02,2.262159e-02,1.981171e-02,5.984900e-03	0.421279	0.252244	0.028403	-2106085.531377	6
6	9	1372407	1.000000	0.000000	0.000000	0.000000	0.000000	0.000000	0.000000	0.000000	0.000000	0.000002	0.000001	0.000000	0.000001	0.000000	0.000000	0.000000	0.000000	0.000000	0.000003	0.000001	-1789542.691325	54	-1789542.891370	0.993785	4.894727e-01,1.646800e-01,2.059806e-02,1.551620e-01,1.037741e-01,1.781829e-02,2.300852e-02,1.982940e-02,5.657036e-03	0.420207	0.258726	0.029309	-2083196.627532	6
6	10	1372863	1.000000	0.000000	0.000000	0.000000	0.000000	0.000000	0.000000	0.000000	0.000000	0.000007	0.000005	0.000004	0.000006	0.000004	0.000004	0.000000	0.000004	0.000004	0.000008	0.000000	-1817410.198833	82	-1817411.035473	0.994115	4.776814e-01,1.758756e-01,2.123589e-02,1.541726e-01,1.031419e-01,1.945572e-02,2.166251e-02,2.015547e-02,6.618943e-03	0.415916	0.250006	0.030116	-2109114.888574	6
6	11	1374637	1.000000	0.000000	0.000000	0.000000	0.000000	0.000000	0.000000	0.000000	0.000000	0.000001	0.000011	0.000001	0.000001	0.000001	0.000000	0.000000	0.000000	0.000000	0.000007	0.000004	-2059747.212029	79	-2059748.561961	0.995400	2.514765e-01,4.233246e-01,8.156358e-06,5.892091e-02,2.176918e-01,9.906485e-05,3.762051e-03,4.433408e-02,3.827999e-04	0.017319	0.410392	0.218438	-1880810.636294	9
6	12	1372640	0.986272	0.000011	0.013717	0.000000	0.000000	0.000000	0.000000	0.000000	0.000000	0.013723	0.000000	0.000000	0.006862	0.000000	0.000000	0.013717	0.000000	0.013717	0.013723	0.000000	-1796844.329303	90	-1	0.993954	5.019650e-01,1.519689e-01,2.081465e-02,1.516564e-01,1.055231e-01,1.959099e-02,2.186739e-02,2.012825e-02,6.485361e-03	0.404480	0.273357	0.036363	-2072014.467358	6
6	13	1372820	1.000000	0.000000	0.000000	0.000000	0.000000	0.000000	0.000000	0.000000	0.000000	0.000007	0.000000	0.000000	0.000003	0.000000	0.000000	0.000000	0.000000	0.000001	0.000007	0.000000	-1792241.846271	62	-1792242.128620	0.994084	4.960590e-01,1.579455e-01,2.075891e-02,1.548941e-01,1.032664e-01,1.859428e-02,2.253601e-02,1.968656e-02,6.259218e-03	0.419255	0.261821	0.029905	-2077326.079334	6
6	14	1372590	1.000000	0.000000	0.000000	0.000000	0.000000	0.000000	0.000000	0.000000	0.000000	0.000008	0.000001	0.000001	0.000005	0.000001	0.000001	0.000000	0.000001	0.000001	0.000008	0.000000	-1816426.389041	54	-1816426.920206	0.993917	4.817735e-01,1.713441e-01,2.171883e-02,1.541598e-01,1.028322e-01,1.974310e-02,2.222145e-02,1.967367e-02,6.533383e-03	0.427301	0.251509	0.026204	-2104709.320732	6
6	15	1372452	0.989954	0.000000	0.000000	0.010045	0.000000	0.000000	0.000000	0.000000	0.000000	0.000000	0.000000	0.010046	0.000000	0.000000	0.000000	0.000000	0.000000	0.000000	0.005023	-0.005023	-1835072.626458	70	-1	0.993817	4.803753e-01,1.650662e-01,2.935136e-02,1.607078e-01,9.387218e-02,2.213659e-02,2.413527e-02,1.793308e-02,6.422161e-03	0.569781	0.223862	-0.023666	-2126818.718991	6
6	16	1372558	1.000000	0.000000	0.000000	0.000000	0.000000	0.000000	0.000000	0.000000	0.000000	0.000009	0.000000	0.000000	0.000005	0.000000	0.000000	0.000000	0.000000	0.000000	0.000009	0.000000	-1819576.340988	70	-1819576.835690	0.993894	4.805002e-01,1.726591e-01,2.164336e-02,1.533977e-01,1.040315e-01,1.933354e-02,2.174893e-02,2.021885e-02,6.466809e-03	0.417107	0.254355	0.030064	-2105734.203165	6
6	17	1372981	1.000000	0.000000	0.000000	0.000000	0.000000	0.000000	0.000000	0.000000	0.000000	0.000010	0.000008	0.000002	0.000006	0.000002	0.000002	0.000000	0.000002	0.000002	0.000013	0.000003	-1794263.530571	50	-1794264.570575	0.994201	4.885353e-01,1.655783e-01,2.060396e-02,1.547968e-01,1.040929e-01,1.789503e-02,2.320159e-02,1.958702e-02,5.709068e-03	0.420831	0.259155	0.029118	-2086223.450450	6
6	18	1372644	1.000000	0.000000	0.000000	0.000000	0.000000	0.000000	0.000000	0.000000	0.000000	0.000248	0.000001	0.000001	0.000124	0.000001	0.000001	0.000218	0.000001	0.000219	0.000248	0.000000	-1799179.496248	70	-1799180.536272	0.993957	4.991547e-01,1.540494e-01,2.159612e-02,1.545463e-01,1.028008e-01,1.938991e-02,2.172334e-02,2.031794e-02,6.421495e-03	0.421392	0.262499	0.029178	-2076670.764367	6
6	19	1372834	1.000000	0.000000	0.000000	0.000000	0.000000	0.000000	0.000000	0.000000	0.000000	0.000012	0.000005	0.000005	0.000009	0.000005	0.000005	0.000003	0.000005	0.000008	0.000013	0.000000	-1798400.336276	58	-1798401.314748	0.994094	4.921889e-01,1.612787e-01,2.129187e-02,1.540628e-01,1.038196e-01,1.890369e-02,2.226580e-02,2.002528e-02,6.163458e-03	0.419552	0.260966	0.029728	-2085484.045005	6
7	8	1372832	1.000000	0.000000	0.000000	0.000000	0.000000	0.000000	0.000000	0.000000	0.000000	0.000134	0.000000	0.000000	0.000067	0.000000	0.000000	0.000134	0.000000	0.000134	0.000134	-0.000000	-1828350.669661	98	-1828351.136513	0.994093	4.695306e-01,1.591996e-01,2.117371e-02,1.649798e-01,1.223696e-01,1.958260e-02,1.971397e-02,1.795230e-02,5.497836e-03	0.334133	0.303947	0.066937	-2115091.801454	6
7	9	1372735	1.000000	0.000000	0.000000	0.000000	0.000000	0.000000	0.000000	0.000000	0.000000	0.000004	0.000002	0.000002	0.000003	0.000002	0.000002	0.000000	0.000002	0.000002	0.000004	-0.000000	-1801134.059036	58	-1801134.817261	0.994022	4.628370e-01,1.657843e-01,2.132664e-02,1.841741e-01,1.046723e-01,1.799970e-02,2.062811e-02,1.779185e-02,4.786097e-03	0.400820	0.244730	0.034890	-2108579.538326	6
7	10	1373232	1.000000	0.000000	0.000000	0.000000	0.000000	0.000000	0.000000	0.000000	0.000000	0.000010	0.000000	0.000000	0.000005	0.000000	0.000000	0.000008	0.000000	0.000008	0.000010	0.000000	-1828752.379038	82	-1828752.654280	0.994382	4.670306e-01,1.609190e-01,2.202524e-02,1.666081e-01,1.204643e-01,1.980064e-02,1.982364e-02,1.780021e-02,5.528308e-03	0.347397	0.295998	0.060665	-2121738.131717	6
7	11	1375020	1.000000	0.000000	0.000000	0.000000	0.000000	0.000000	0.000000	0.000000	0.000000	0.000013	0.000001	0.000000	0.000006	0.000001	0.000000	0.000012	0.000000	0.000012	0.000013	-0.000000	-2071226.057961	82	-2071226.870780	0.995677	2.506524e-01,3.994253e-01,7.233375e-06,6.161518e-02,2.450776e-01,1.018694e-04,1.799219e-03,4.093485e-02,3.863650e-04	0.007371	0.486377	0.243355	-1887134.270632	10
7	12	1372879	1.000000	0.000000	0.000000	0.000000	0.000000	0.000000	0.000000	0.000000	0.000000	0.000003	0.000001	0.000010	0.000002	0.000001	0.000001	0.000000	0.000001	0.000001	0.000008	-0.000004	-1808547.438317	46	-1808548.230804	0.994127	4.732259e-01,1.549464e-01,2.183817e-02,1.826696e-01,1.046884e-01,1.946935e-02,1.955436e-02,1.797133e-02,5.636511e-03	0.395388	0.251383	0.037478	-2100984.531457	6
7	13	1373106	1.000000	0.000000	0.000000	0.000000	0.000000	0.000000	0.000000	0.000000	0.000000	0.000007	0.000001	0.000001	0.000004	0.000001	0.000001	0.000001	0.000001	0.000002	0.000007	-0.000000	-1803811.425052	54	-1803811.970291	0.994291	4.749220e-01,1.550382e-01,2.002098e-02,1.794571e-01,1.077776e-01,1.961179e-02,1.908498e-02,1.808065e-02,6.006730e-03	0.362839	0.262045	0.050304	-2097285.447814	6
7	14	1372964	1.000000	0.000000	0.000000	0.000000	0.000000	0.000000	0.000000	0.000000	0.000000	0.000008	0.000000	0.000000	0.000004	0.000000	0.000000	0.000008	0.000000	0.000008	0.000008	0.000000	-1827867.214983	74	-1827867.370808	0.994188	4.702907e-01,1.571295e-01,2.256646e-02,1.678133e-01,1.192811e-01,1.977746e-02,1.992089e-02,1.751848e-02,5.702206e-03	0.356195	0.294721	0.057101	-2117477.078579	6
7	15	1372777	0.989858	0.000000	0.000000	0.010142	0.000000	0.000000	0.000000	0.000000	0.000000	0.000000	0.000000	0.010142	0.000000	0.000000	0.000000	0.000000	0.000000	0.000000	0.005071	-0.005071	-1846406.319948	67	-1	0.994053	4.690534e-01,1.504976e-01,3.033659e-02,1.737813e-01,1.109683e-01,2.213059e-02,2.228078e-02,1.546870e-02,5.482661e-03	0.474166	0.267719	0.009821	-2139478.617528	6
7	16	1372893	1.000000	0.000000	0.000000	0.000000	0.000000	0.000000	0.000000	0.000000	0.000000	0.000392	0.000000	0.000000	0.000196	0.000000	0.000000	0.000392	0.000000	0.000392	0.000392	-0.000000	-1830846.292118	70	-1830846.915927	0.994137	4.703791e-01,1.576700e-01,2.190487e-02,1.653564e-01,1.215476e-01,1.998932e-02,1.980225e-02,1.777856e-02,5.571838e-03	0.343134	0.301981	0.063146	-2116870.454534	6
7	17	1373771	0.408830	0.564134	0.027034	0.000001	0.000000	0.000000	0.000000	0.000000	0.000000	0.309101	0.000001	0.000001	0.154551	0.000000	0.000000	0.027034	0.000000	0.027034	0.309102	-0.000000	-1758406.719523	62	-1	0.994773	5.230727e-01,1.202897e-01,6.594321e-03,1.373133e-01,1.435660e-01,2.595757e-02,6.109099e-03,2.542833e-02,1.166899e-02	0.088485	0.446284	0.198213	-1994985.014900	6
7	18	1372844	1.000000	0.000000	0.000000	0.000000	0.000000	0.000000	0.000000	0.000000	0.000000	0.000001	0.000001	0.000016	0.000001	0.000001	0.000001	0.000000	0.000001	0.000001	0.000009	-0.000007	-1810409.621257	62	-1810410.393859	0.994101	4.712306e-01,1.565022e-01,2.231247e-02,1.841177e-01,1.031911e-01,1.949847e-02,2.004145e-02,1.748231e-02,5.623748e-03	0.410442	0.245720	0.031650	-2103986.145113	6
7	19	1373090	1.000000	0.000000	0.000000	0.000000	0.000000	0.000000	0.000000	0.000000	0.000000	0.000005	0.000000	0.000001	0.000002	0.000000	0.000000	0.000000	0.000000	0.000000	0.000005	-0.000000	-1809926.368345	54	-1809926.957194	0.994279	4.653997e-01,1.626305e-01,2.195936e-02,1.828511e-01,1.048843e-01,1.911753e-02,2.024417e-02,1.760420e-02,5.309150e-03	0.402382	0.247131	0.034592	-2111495.827130	6
8	9	1372332	1.000000	0.000000	0.000000	0.000000	0.000000	0.000000	0.000000	0.000000	0.000000	0.000005	0.000002	0.000002	0.000003	0.000002	0.000002	0.000000	0.000002	0.000002	0.000005	0.000000	-1804083.104919	74	-1804083.810030	0.993731	4.700752e-01,1.641481e-01,2.004337e-02,1.759066e-01,1.048435e-01,1.871568e-02,2.164199e-02,1.928731e-02,5.338230e-03	0.397596	0.249780	0.036534	-2106996.219138	6
8	10	1372939	0.995077	0.000010	0.004912	0.000000	0.000000	0.000000	0.000000	0.000000	0.000000	0.004917	0.000000	0.000000	0.002459	0.000000	0.000000	0.004912	0.000000	0.004912	0.004917	0.000000	-1831567.753179	94	-1	0.994170	4.734194e-01,1.594991e-01,2.135633e-02,1.592370e-01,1.206269e-01,1.964001e-02,2.083379e-02,1.908200e-02,6.305352e-03	0.349757	0.301833	0.060541	-2119633.624599	6
8	11	1374633	1.000000	0.000000	0.000000	0.000000	0.000000	0.000000	0.000000	0.000000	0.000000	0.000002	0.000002	0.000002	0.000001	0.000000	0.000000	0.000000	0.000000	0.000000	0.000004	0.000000	-2074181.729814	63	-2074183.573231	0.995397	2.453224e-01,4.090553e-01,1.357790e-05,6.553211e-02,2.337553e-01,1.001611e-04,3.231290e-03,4.262150e-02,3.683117e-04	0.013881	0.449051	0.230769	-1899066.533933	7
8	12	1372549	1.000000	0.000000	0.000000	0.000000	0.000000	0.000000	0.000000	0.000000	0.000000	0.000009	0.000001	0.000002	0.000005	0.000001	0.000001	0.000000	0.000001	0.000002	0.000009	-0.000000	-1811233.003536	66	-1811233.669812	0.993888	4.795166e-01,1.535661e-01,2.125376e-02,1.750475e-01,1.048268e-01,1.955796e-02,2.091981e-02,1.922654e-02,6.084983e-03	0.402317	0.255942	0.035490	-2100075.337403	6
8	13	1372743	1.000000	0.000000	0.000000	0.000000	0.000000	0.000000	0.000000	0.000000	0.000000	0.000003	0.000000	0.000000	0.000002	0.000000	0.000000	0.000000	0.000000	0.000000	0.000003	-0.000000	-1806689.879645	54	-1806690.116859	0.994028	4.767551e-01,1.569211e-01,2.061759e-02,1.754751e-01,1.049180e-01,1.906650e-02,2.125302e-02,1.908569e-02,5.907858e-03	0.399079	0.254397	0.036487	-2101425.529388	6
8	14	1372625	0.988319	0.000011	0.011670	0.000000	0.000000	0.000000	0.000000	0.000000	0.000000	0.011675	0.000000	0.000000	0.005838	0.000000	0.000000	0.011670	0.000000	0.011670	0.011675	-0.000000	-1830596.399435	66	-1	0.993943	4.777034e-01,1.548941e-01,2.166109e-02,1.596599e-01,1.199135e-01,1.995196e-02,2.067887e-02,1.915338e-02,6.383822e-03	0.353087	0.302813	0.059367	-2114171.721219	6
8	15	1372443	0.989967	0.000000	0.000000	0.010033	0.000000	0.000000	0.000000	0.000000	0.000000	0.000000	0.000000	0.010033	0.000000	0.000000	0.000000	0.000000	0.000000	0.000000	0.005017	-0.005016	-1849283.095028	78	-1	0.993811	4.764414e-01,1.480658e-01,2.968745e-02,1.658938e-01,1.116385e-01,2.200613e-02,2.277909e-02,1.726982e-02,6.217986e-03	0.469968	0.275174	0.011631	-2136972.071607	6
8	16	1372606	0.987082	0.000039	0.012875	0.000000	0.000000	0.000000	0.000000	0.000000	0.000003	0.012898	0.000003	0.000003	0.006451	0.000003	0.000003	0.012875	0.000003	0.012879	0.012898	-0.000000	-1833801.265738	66	-1	0.993929	4.761538e-01,1.570937e-01,2.102301e-02,1.586440e-01,1.208630e-01,2.000812e-02,2.075582e-02,1.904817e-02,6.410430e-03	0.345671	0.304769	0.062538	-2115374.359202	6
8	17	1373003	1.000000	0.000000	0.000000	0.000000	0.000000	0.000000	0.000000	0.000000	0.000000	0.000003	0.000000	0.000000	0.000001	0.000000	0.000000	0.000000	0.000000	0.000000	0.000003	-0.000000	-1808854.657074	54	-1808854.926899	0.994216	4.704357e-01,1.637048e-01,2.015931e-02,1.749158e-01,1.061445e-01,1.838044e-02,2.119110e-02,1.942173e-02,5.646646e-03	0.389567	0.254072	0.039822	-2108541.839431	6
8	18	1372570	1.000000	0.000000	0.000000	0.000000	0.000000	0.000000	0.000000	0.000000	0.000000	0.000012	0.000003	0.000003	0.000008	0.000003	0.000003	0.000000	0.000003	0.000003	0.000012	-0.000000	-1813441.773140	51	-1813442.914740	0.993903	4.784208e-01,1.540966e-01,2.180636e-02,1.755474e-01,1.043331e-01,1.957907e-02,2.144282e-02,1.876024e-02,6.013486e-03	0.414530	0.253708	0.030928	-2102908.928601	6
8	19	1372755	1.000000	0.000000	0.000000	0.000000	0.000000	0.000000	0.000000	0.000000	0.000000	0.000010	0.000000	0.000000	0.000005	0.000000	0.000000	0.000000	0.000000	0.000000	0.000010	-0.000000	-1812920.815089	62	-1812921.472602	0.994037	4.753434e-01,1.590412e-01,1.989319e-02,1.728434e-01,1.066597e-01,1.996970e-02,2.029878e-02,1.947847e-02,6.472175e-03	0.376824	0.259182	0.044943	-2106184.493757	6
9	10	1372763	1.000000	0.000000	0.000000	0.000000	0.000000	0.000000	0.000000	0.000000	0.000000	0.000001	0.000000	0.000000	0.000001	0.000000	0.000000	0.000000	0.000000	0.000000	0.000001	0.000000	-1804360.010468	82	-1804360.197725	0.994043	4.671154e-01,1.782575e-01,2.227404e-02,1.652647e-01,1.034840e-01,1.949566e-02,2.113654e-02,1.739048e-02,5.581708e-03	0.419491	0.244170	0.028368	-2113369.397709	6
9	11	1374645	0.971640	0.000001	0.028359	0.000000	0.000000	0.000000	0.000000	0.000000	0.000000	0.028359	0.000000	0.000000	0.014180	0.000000	0.000000	0.028359	0.000000	0.028359	0.028359	0.000000	-2045693.620973	118	-1	0.995405	2.732422e-01,3.944974e-01,1.661725e-07,4.022457e-02,2.479553e-01,6.888522e-05,4.271846e-04,4.315068e-02,4.336622e-04	0.001723	0.518335	0.253735	-1837373.323321	9
9	12	1372561	1.000000	0.000000	0.000000	0.000000	0.000000	0.000000	0.000000	0.000000	0.000000	0.000007	0.000003	0.000005	0.000005	0.000003	0.000003	0.000000	0.000003	0.000003	0.000008	-0.000001	-1783814.740680	54	-1783815.695154	0.993896	4.888512e-01,1.566235e-01,2.217708e-02,1.655417e-01,1.033847e-01,1.933838e-02,2.106494e-02,1.760357e-02,5.414909e-03	0.418263	0.256953	0.029866	-2080026.379960	6
9	13	1372774	0.994771	0.000002	0.005227	0.000000	0.000000	0.000000	0.000000	0.000000	0.000000	0.005228	0.000000	0.000000	0.002614	0.000000	0.000000	0.005227	0.000000	0.005227	0.005228	0.000000	-1779104.239173	94	-1	0.994051	4.969054e-01,1.514519e-01,1.925834e-02,1.583829e-01,1.098224e-01,2.007761e-02,1.817396e-02,1.960806e-02,6.319517e-03	0.340844	0.283813	0.061419	-2067254.457008	6
9	14	1372464	1.000000	0.000000	0.000000	0.000000	0.000000	0.000000	0.000000	0.000000	0.000000	0.000004	0.000002	0.000002	0.000003	0.000002	0.000002	0.000000	0.000002	0.000002	0.000004	-0.000000	-1803430.739296	62	-1803431.332858	0.993826	4.709867e-01,1.736649e-01,2.304652e-02,1.661903e-01,1.024126e-01,1.964835e-02,2.094068e-02,1.775966e-02,5.350317e-03	0.429510	0.243116	0.024804	-2109103.360993	6
9	15	1372972	0.158778	0.824404	0.000036	0.000000	0.016781	0.000000	0.000000	0.000000	0.000000	0.424825	0.000000	0.016781	0.214510	0.000000	0.008391	0.000037	0.000000	0.000037	0.429020	-0.000000	-1725507.317231	126	-1	0.994194	5.479868e-01,1.168481e-01,2.712966e-03,1.145699e-01,1.348156e-01,3.894246e-02,2.738803e-03,2.511945e-02,1.626588e-02	0.040439	0.447994	0.219270	-1949543.013228	6
9	16	1372445	1.000000	0.000000	0.000000	0.000000	0.000000	0.000000	0.000000	0.000000	0.000000	0.000007	0.000004	0.000004	0.000006	0.000004	0.000004	0.000000	0.000004	0.000004	0.000007	-0.000000	-1806627.725557	47	-1806628.936063	0.993812	4.697379e-01,1.752883e-01,2.257115e-02,1.655342e-01,1.035771e-01,1.920251e-02,2.031578e-02,1.808283e-02,5.690284e-03	0.414058	0.246029	0.030419	-2109685.761225	6
9	17	1373000	1.000000	0.000000	0.000000	0.000000	0.000000	0.000000	0.000000	0.000000	0.000000	0.000008	0.000001	0.000001	0.000004	0.000001	0.000001	0.000000	0.000001	0.000001	0.000008	-0.000000	-1781140.480706	42	-1781141.361440	0.994214	4.809915e-01,1.652593e-01,2.138511e-02,1.648205e-01,1.055299e-01,1.791548e-02,2.072192e-02,1.844397e-02,4.932345e-03	0.399006	0.258306	0.036911	-2087122.095150	6
9	18	1372612	1.000000	0.000000	0.000000	0.000000	0.000000	0.000000	0.000000	0.000000	0.000000	0.000002	0.000000	0.000003	0.000001	0.000000	0.000000	0.000000	0.000000	0.000000	0.000003	-0.000001	-1785980.578810	54	-1785980.853264	0.993933	4.884225e-01,1.564923e-01,2.270683e-02,1.661488e-01,1.027742e-01,1.935493e-02,2.082594e-02,1.788729e-02,5.387306e-03	0.423577	0.254760	0.027782	-2081912.969156	6
9	19	1372690	1.000000	0.000000	0.000000	0.000000	0.000000	0.000000	0.000000	0.000000	0.000000	0.000007	0.000000	0.000000	0.000004	0.000000	0.000000	0.000000	0.000000	0.000000	0.000007	-0.000000	-1785285.234702	46	-1785285.834191	0.993990	4.845116e-01,1.615452e-01,2.157426e-02,1.637065e-01,1.054116e-01,1.916523e-02,2.023259e-02,1.819012e-02,5.662892e-03	0.396606	0.260653	0.038013	-2086495.721990	6
10	11	1375204	0.960016	0.000006	0.039976	0.000000	0.000000	0.000000	0.000000	0.000002	0.000000	0.039979	0.000002	0.000002	0.019989	0.000000	0.000000	0.039978	0.000000	0.039978	0.039981	0.000000	-2072504.726981	95	-1	0.995810	2.680617e-01,3.856185e-01,1.494307e-06,4.517630e-02,2.538036e-01,6.115123e-05,9.129229e-04,4.593024e-02,4.341867e-04	0.003603	0.531303	0.255970	-1866423.934283	10
10	12	1372982	1.000000	0.000000	0.000000	0.000000	0.000000	0.000000	0.000000	0.000000	0.000000	0.000005	0.000001	0.000003	0.000003	0.000001	0.000001	0.000000	0.000001	0.000001	0.000006	-0.000001	-1811825.887663	62	-1811826.432469	0.994201	4.770246e-01,1.550965e-01,2.140643e-02,1.766300e-01,1.033507e-01,1.917376e-02,2.178962e-02,1.919434e-02,6.334055e-03	0.417956	0.250068	0.029401	-2106294.909688	6
10	13	1373120	1.000000	0.000000	0.000000	0.000000	0.000000	0.000000	0.000000	0.000000	0.000000	0.000007	0.000002	0.000002	0.000005	0.000002	0.000002	0.000000	0.000002	0.000002	0.000008	-0.000000	-1807061.919467	58	-1807062.767830	0.994301	4.743169e-01,1.580309e-01,2.114111e-02,1.768194e-01,1.037262e-01,1.860399e-02,2.234096e-02,1.915257e-02,5.867912e-03	0.419201	0.249288	0.028897	-2107936.167984	6
10	14	1373014	0.997797	0.000000	0.002202	0.000000	0.000000	0.000000	0.000000	0.000000	0.000000	0.002203	0.000000	0.000000	0.001101	0.000000	0.000000	0.002202	0.000000	0.002203	0.002203	-0.000000	-1830937.927708	78	-1	0.994224	4.753075e-01,1.561858e-01,2.201667e-02,1.614777e-01,1.181140e-01,1.960973e-02,2.126721e-02,1.962130e-02,6.400089e-03	0.366459	0.295153	0.053187	-2120605.684091	6
10	15	1372827	0.989874	0.000000	0.000000	0.010126	0.000000	0.000000	0.000000	0.000000	0.000000	0.000000	0.000000	0.010126	0.000000	0.000000	0.000000	0.000000	0.000000	0.000000	0.005063	-0.005063	-1849670.310608	82	-1	0.994089	4.737735e-01,1.494577e-01,3.019083e-02,1.680393e-01,1.096704e-01,2.153695e-02,2.332500e-02,1.781009e-02,6.196248e-03	0.487970	0.267254	0.004580	-2143527.178156	6
10	16	1372996	0.995906	0.000023	0.004071	0.000000	0.000000	0.000000	0.000000	0.000000	0.000000	0.004082	0.000000	0.000000	0.002041	0.000000	0.000000	0.004071	0.000000	0.004071	0.004082	0.000000	-1834248.569591	74	-1	0.994211	4.742188e-01,1.579936e-01,2.125581e-02,1.598849e-01,1.194879e-01,1.983243e-02,2.146147e-02,1.950588e-02,6.359187e-03	0.357503	0.298769	0.057118	-2121557.020687	6
10	17	1373327	1.000000	0.000000	0.000000	0.000000	0.000000	0.000000	0.000000	0.000000	0.000000	0.000002	0.000000	0.000000	0.000001	0.000000	0.000000	0.000000	0.000000	0.000000	0.000002	0.000000	-1808856.201203	82	-1808856.413933	0.994451	4.667574e-01,1.661169e-01,2.064113e-02,1.776502e-01,1.033566e-01,1.814380e-02,2.215337e-02,1.978567e-02,5.394874e-03	0.414047	0.243484	0.030196	-2115425.050250	6
10	18	1372950	1.000000	0.000000	0.000000	0.000000	0.000000	0.000000	0.000000	0.000000	0.000000	0.000003	0.000002	0.000016	0.000002	0.000002	0.000002	0.000000	0.000002	0.000002	0.000010	-0.000007	-1813669.038781	50	-1813669.947610	0.994178	4.764230e-01,1.551050e-01,2.203701e-02,1.771753e-01,1.026840e-01,1.927278e-02,2.185672e-02,1.935643e-02,6.089934e-03	0.427464	0.247549	0.025850	-2108258.573990	6
10	19	1373133	1.000000	0.000000	0.000000	0.000000	0.000000	0.000000	0.000000	0.000000	0.000000	0.000009	0.000001	0.000001	0.000005	0.000001	0.000001	0.000000	0.000001	0.000001	0.000010	-0.000000	-1813152.353959	50	-1813153.320655	0.994311	4.711774e-01,1.611795e-01,2.117092e-02,1.754899e-01,1.047052e-01,1.896262e-02,2.183703e-02,1.926477e-02,6.212669e-03	0.410753	0.250548	0.031985	-2114760.481249	6
11	12	1374756	1.000000	0.000000	0.000000	0.000000	0.000000	0.000000	0.000000	0.000000	0.000000	0.000001	0.000001	0.000002	0.000001	0.000000	0.000000	0.000000	0.000000	0.000001	0.000002	-0.000001	-2054219.835186	66	-2054220.801996	0.995486	2.515568e-01,5.883295e-02,3.737901e-03,4.239296e-01,2.186918e-01,4.277404e-02,9.802514e-06,9.505946e-05,3.720696e-04	0.017137	0.413110	0.219307	-1876666.812146	9
11	13	1374935	1.000000	0.000000	0.000000	0.000000	0.000000	0.000000	0.000000	0.000000	0.000000	0.000000	0.000000	0.000013	0.000000	0.000000	0.000000	0.000000	0.000000	0.000000	0.000007	-0.000007	-2049610.428025	58	-2049611.222335	0.995615	2.548422e-01,5.637675e-02,2.986425e-03,4.186173e-01,2.244532e-01,4.223200e-02,8.080375e-06,1.013091e-04,3.827152e-04	0.013341	0.431374	0.226099	-1871635.120878	9
11	14	1374749	1.000000	0.000000	0.000000	0.000000	0.000000	0.000000	0.000000	0.000000	0.000000	0.000000	0.000000	0.000004	0.000000	0.000000	0.000000	0.000000	0.000000	0.000000	0.000002	-0.000002	-2073422.838991	62	-2073423.133719	0.995481	2.448812e-01,6.539888e-02,3.831050e-03,4.132829e-01,2.283111e-01,4.382735e-02,1.159221e-05,1.120127e-04,3.439642e-04	0.016831	0.433669	0.225302	-1901615.590335	9
11	15	1374614	0.989803	0.000000	0.000000	0.010195	0.000000	0.000001	0.000000	0.000000	0.000000	0.000001	0.000001	0.010196	0.000000	0.000000	0.000000	0.000000	0.000000	0.000000	0.005099	-0.005097	-2092249.867670	91	-1	0.995383	2.530640e-01,5.642952e-02,4.273119e-03,4.121947e-01,2.203293e-01,5.321874e-02,1.088774e-05,8.176465e-05,3.979356e-04	0.019444	0.418711	0.219993	-1908563.907351	7
11	16	1374715	1.000000	0.000000	0.000000	0.000000	0.000000	0.000000	0.000000	0.000000	0.000000	0.000001	0.000002	0.000002	0.000001	0.000000	0.000000	0.000000	0.000000	0.000000	0.000003	-0.000000	-2076673.037915	59	-2076675.103771	0.995456	2.438191e-01,6.655214e-02,3.718601e-03,4.118499e-01,2.302319e-01,4.334508e-02,6.708647e-06,1.008260e-04,3.757030e-04	0.016181	0.438059	0.226793	-1903155.445241	9
11	17	1375345	0.938528	0.000105	0.061367	0.000000	0.000000	0.000000	0.000000	0.000000	0.000000	0.061420	0.000000	0.000000	0.030710	0.000000	0.000000	0.061367	0.000000	0.061367	0.061420	0.000000	-2047417.395203	162	-1	0.995912	2.807988e-01,3.305634e-02,2.185835e-04,3.858179e-01,2.561507e-01,4.345223e-02,1.791382e-08,6.152509e-05,4.438327e-04	0.000853	0.553712	0.262354	-1823514.783911	9
11	18	1374808	1.000000	0.000000	0.000000	0.000000	0.000000	0.000000	0.000000	0.000000	0.000000	0.000006	0.000000	0.000002	0.000003	0.000000	0.000001	0.000000	0.000000	0.000000	0.000006	-0.000000	-2056152.416504	66	-2056152.870578	0.995524	2.651968e-01,4.710203e-02,1.891238e-03,4.102619e-01,2.299715e-01,4.508606e-02,4.000899e-06,8.431059e-05,4.020611e-04	0.008241	0.455904	0.234999	-1857423.243977	10
11	19	1375143	0.916446	0.008080	0.075474	0.000000	0.000000	0.000000	0.000000	0.000001	0.000000	0.079513	0.000001	0.000001	0.039757	0.000000	0.000000	0.075475	0.000000	0.075475	0.079514	0.000000	-2048545.909652	287	-1	0.995766	2.852859e-01,2.901696e-02,4.124666e-04,3.833311e-01,2.560008e-01,4.543676e-02,7.961214e-07,4.086130e-05,4.742858e-04	0.001614	0.558662	0.263113	-1817389.897221	9
12	13	1372908	1.000000	0.000000	0.000000	0.000000	0.000000	0.000000	0.000000	0.000000	0.000000	0.000016	0.000001	0.000001	0.000008	0.000001	0.000001	0.000003	0.000001	0.000004	0.000016	0.000000	-1786589.031158	74	-1786589.672557	0.994148	4.967849e-01,1.577062e-01,2.091222e-02,1.547661e-01,1.040235e-01,1.888595e-02,2.191916e-02,1.918296e-02,5.818926e-03	0.411747	0.264440	0.032870	-2072976.869932	6
12	14	1372697	1.000000	0.000000	0.000000	0.000000	0.000000	0.000000	0.000000	0.000000	0.000000	0.000004	0.000000	0.000000	0.000002	0.000000	0.000000	0.000000	0.000000	0.000000	0.000004	0.000000	-1810676.382277	66	-1810676.593050	0.993995	4.832929e-01,1.707453e-01,2.148771e-02,1.540085e-01,1.037828e-01,1.982142e-02,2.086480e-02,1.928889e-02,6.707606e-03	0.408088	0.255486	0.033386	-2098611.831675	6
12	15	1372568	0.989907	0.000000	0.000000	0.010093	0.000000	0.000000	0.000000	0.000000	0.000000	0.000000	0.000000	0.010093	0.000000	0.000000	0.000000	0.000000	0.000000	0.000000	0.005047	-0.005046	-1829361.884338	86	-1	0.993901	4.805462e-01,1.650645e-01,2.986454e-02,1.613018e-01,9.451604e-02,2.175570e-02,2.336319e-02,1.728233e-02,6.305652e-03	0.563161	0.225774	-0.021534	-2122755.872889	6
12	16	1372664	1.000000	0.000000	0.000000	0.000000	0.000000	0.000000	0.000000	0.000000	0.000000	0.000019	0.000001	0.000001	0.000010	0.000001	0.000001	0.000000	0.000001	0.000001	0.000019	0.000000	-1814070.699352	54	-1814071.674779	0.993971	4.815842e-01,1.726593e-01,2.126199e-02,1.528070e-01,1.049628e-01,1.982925e-02,2.126443e-02,1.928872e-02,6.342244e-03	0.405157	0.257824	0.034656	-2100660.269328	6
12	17	1373199	1.000000	0.000000	0.000000	0.000000	0.000000	0.000000	0.000000	0.000000	0.000000	0.000010	0.000002	0.000001	0.000006	0.000001	0.000001	0.000000	0.000001	0.000001	0.000010	0.000000	-1788854.531338	78	-1788855.328271	0.994358	4.893739e-01,1.655286e-01,2.053844e-02,1.551336e-01,1.044876e-01,1.801433e-02,2.206423e-02,1.921416e-02,5.645262e-03	0.407730	0.260897	0.034016	-2081431.522885	6
12	18	1372690	0.997262	0.000000	0.002737	0.000000	0.000000	0.000000	0.000000	0.000000	0.000001	0.002738	0.000001	0.000001	0.001369	0.000001	0.000001	0.002737	0.000001	0.002737	0.002738	-0.000000	-1793277.453717	110	-1	0.993990	5.002474e-01,1.537349e-01,2.151824e-02,1.540014e-01,1.039331e-01,1.965807e-02,2.115562e-02,1.952537e-02,6.225884e-03	0.410590	0.266773	0.033500	-2071494.247274	6
12	19	1372914	1.000000	0.000000	0.000000	0.000000	0.000000	0.000000	0.000000	0.000000	0.000000	0.000013	0.000003	0.000003	0.000008	0.000003	0.000003	0.000002	0.000003	0.000005	0.000013	0.000000	-1792675.120332	58	-1792675.924003	0.994152	4.934159e-01,1.614377e-01,2.062291e-02,1.540047e-01,1.041668e-01,1.944186e-02,2.107991e-02,1.953305e-02,6.297248e-03	0.400347	0.262968	0.036892	-2079536.263390	6
13	14	1372918	1.000000	0.000000	0.000000	0.000000	0.000000	0.000000	0.000000	0.000000	0.000000	0.000023	0.000000	0.000000	0.000012	0.000000	0.000000	0.000010	0.000000	0.000010	0.000023	0.000000	-1806092.493622	98	-1806092.967826	0.994155	4.846099e-01,1.678454e-01,2.106830e-02,1.537110e-01,1.068475e-01,2.033441e-02,1.980735e-02,1.913846e-02,6.637685e-03	0.382561	0.265853	0.043666	-2095835.775434	6
13	15	1372768	0.989929	0.000000	0.000000	0.010068	0.000000	0.000000	0.000000	0.000000	0.000003	0.000003	0.000003	0.010071	0.000003	0.000003	0.000003	0.000000	0.000003	0.000003	0.005037	-0.005034	-1824796.777093	62	-1	0.994046	4.887479e-01,1.575681e-01,2.713337e-02,1.562970e-01,1.010312e-01,2.358423e-02,2.015123e-02,1.825295e-02,7.234012e-03	0.468020	0.250706	0.011586	-2112038.675936	6
13	16	1372824	1.000000	0.000000	0.000000	0.000000	0.000000	0.000000	0.000000	0.000000	0.000000	0.000008	0.000004	0.000004	0.000006	0.000004	0.000004	0.000000	0.000004	0.000004	0.000008	0.000000	-1809355.875655	70	-1809356.871545	0.994087	4.769614e-01,1.742561e-01,2.227447e-02,1.574859e-01,1.040781e-01,1.933988e-02,2.119138e-02,1.856528e-02,5.847574e-03	0.417627	0.251936	0.029675	-2104441.141325	6
13	17	1373289	1.000000	0.000000	0.000000	0.000000	0.000000	0.000000	0.000000	0.000000	0.000000	0.000018	0.000001	0.000001	0.000010	0.000001	0.000001	0.000010	0.000001	0.000012	0.000018	0.000000	-1783762.456318	70	-1783763.160288	0.994424	4.915568e-01,1.622876e-01,1.960855e-02,1.548606e-01,1.074438e-01,1.861811e-02,2.011486e-02,1.953788e-02,5.971729e-03	0.369713	0.271991	0.049101	-2076171.365822	6
13	18	1372879	1.000000	0.000000	0.000000	0.000000	0.000000	0.000000	0.000000	0.000000	0.000000	0.000022	0.000005	0.000005	0.000013	0.000005	0.000005	0.000013	0.000005	0.000018	0.000022	-0.000000	-1788724.641707	63	-1788725.806179	0.994127	4.953305e-01,1.560841e-01,2.206333e-02,1.587224e-01,1.027502e-01,1.943272e-02,2.130814e-02,1.836862e-02,5.939988e-03	0.422106	0.259484	0.028681	-2075873.633595	6
13	19	1373125	0.980340	0.000008	0.019651	0.000000	0.000000	0.000000	0.000000	0.000000	0.000000	0.019656	0.000000	0.000000	0.009828	0.000000	0.000000	0.019651	0.000000	0.019652	0.019656	0.000000	-1787574.778672	78	-1	0.994305	4.991059e-01,1.551787e-01,1.919351e-02,1.505129e-01,1.100803e-01,2.030819e-02,1.884647e-02,1.990363e-02,6.870371e-03	0.345566	0.286710	0.060064	-2069862.748379	6
14	15	1372565	0.989894	0.000000	0.000000	0.010105	0.000000	0.000000	0.000000	0.000000	0.000000	0.000000	0.000000	0.010106	0.000000	0.000000	0.000000	0.000000	0.000000	0.000000	0.005053	-0.005053	-1848555.819060	74	-1	0.993899	4.779784e-01,1.503779e-01,2.965571e-02,1.632719e-01,1.088709e-01,2.179756e-02,2.392811e-02,1.768077e-02,6.438705e-03	0.492178	0.267686	0.002984	-2138212.277235	6
14	16	1372670	0.989881	0.000005	0.010114	0.000000	0.000000	0.000000	0.000000	0.000000	0.000000	0.010116	0.000000	0.000000	0.005058	0.000000	0.000000	0.010114	0.000000	0.010114	0.010116	0.000000	-1832923.967638	70	-1	0.993975	4.778465e-01,1.589825e-01,2.122055e-02,1.560898e-01,1.183707e-01,1.948572e-02,2.162562e-02,1.965309e-02,6.725432e-03	0.361966	0.298120	0.055298	-2116251.284321	6
14	17	1373116	1.000000	0.000000	0.000000	0.000000	0.000000	0.000000	0.000000	0.000000	0.000000	0.000005	0.000002	0.000001	0.000003	0.000001	0.000001	0.000000	0.000001	0.000001	0.000005	0.000001	-1808313.034597	46	-1808313.720535	0.994298	4.711413e-01,1.658599e-01,2.109898e-02,1.725467e-01,1.037400e-01,1.756743e-02,2.289824e-02,1.963653e-02,5.510852e-03	0.424110	0.247231	0.027004	-2111276.731859	6
14	18	1372707	1.000000	0.000000	0.000000	0.000000	0.000000	0.000000	0.000000	0.000000	0.000000	0.000011	0.000002	0.000005	0.000007	0.000002	0.000002	0.000000	0.000002	0.000002	0.000013	-0.000001	-1812814.725413	50	-1812815.718939	0.994002	4.814307e-01,1.550242e-01,2.168671e-02,1.719364e-01,1.022763e-01,1.961766e-02,2.207642e-02,1.987277e-02,6.078832e-03	0.427891	0.249324	0.025832	-2102740.882554	7
14	19	1372854	1.000000	0.000000	0.000000	0.000000	0.000000	0.000000	0.000000	0.000000	0.000000	0.000008	0.000003	0.000003	0.000006	0.000003	0.000003	0.000000	0.000003	0.000003	0.000008	-0.000000	-1812111.844236	42	-1812112.861888	0.994109	4.757323e-01,1.611408e-01,2.124171e-02,1.705360e-01,1.042236e-01,1.910785e-02,2.227720e-02,1.976790e-02,5.972629e-03	0.417553	0.251704	0.029682	-2109844.745670	6
15	16	1372546	0.989884	0.000000	0.000001	0.000000	0.000000	0.010115	0.000000	0.000000	0.000000	0.000001	0.010115	0.000000	0.000001	0.000000	0.000000	0.000001	0.000000	0.000001	0.005058	0.005057	-1851970.255012	78	-1	0.993886	4.769818e-01,1.644890e-01,2.367737e-02,1.484979e-01,1.110177e-01,1.742039e-02,2.998260e-02,2.153306e-02,6.400207e-03	0.483346	0.273712	0.006442	-2139131.852055	6
15	17	1372957	0.989916	0.000000	0.000000	0.000000	0.000000	0.010084	0.000000	0.000000	0.000000	0.000000	0.010084	0.000000	0.000000	0.000000	0.000000	0.000000	0.000000	0.000000	0.005042	0.005042	-1826735.587125	74	-1	0.994183	4.706644e-01,1.719717e-01,2.253913e-02,1.656863e-01,9.525894e-02,1.593418e-02,3.017027e-02,2.201456e-02,5.760466e-03	0.553328	0.222403	-0.017946	-2130990.231410	6
15	18	1372514	0.989960	0.000000	0.000000	0.000000	0.000000	0.010036	0.000000	0.000003	0.000001	0.000001	0.010040	0.000004	0.000001	0.000001	0.000001	0.000003	0.000001	0.000004	0.005022	0.005018	-1831321.732259	70	-1	0.993862	4.795720e-01,1.617708e-01,2.390993e-02,1.656687e-01,9.379969e-02,1.736701e-02,3.010239e-02,2.162182e-02,6.187701e-03	0.575826	0.223099	-0.025676	-2125005.552774	6
15	19	1372670	0.989948	0.000000	0.000000	0.000000	0.000000	0.010052	0.000000	0.000000	0.000000	0.000000	0.010052	0.000000	0.000000	0.000000	0.000000	0.000000	0.000000	0.000000	0.005026	0.005026	-1830946.761024	82	-1	0.993975	4.745282e-01,1.680054e-01,2.266766e-02,1.647116e-01,9.477010e-02,1.739665e-02,2.922503e-02,2.236288e-02,6.332403e-03	0.547564	0.223320	-0.016041	-2130769.610922	6
16	17	1373027	1.000000	0.000000	0.000000	0.000000	0.000000	0.000000	0.000000	0.000000	0.000000	0.000004	0.000001	0.000001	0.000002	0.000001	0.000001	0.000000	0.000001	0.000001	0.000004	0.000000	-1811331.763841	58	-1811332.241848	0.994234	4.702192e-01,1.647642e-01,2.060356e-02,1.738680e-01,1.052461e-01,1.783555e-02,2.244168e-02,1.925421e-02,5.767555e-03	0.408996	0.251324	0.032677	-2111544.336358	6
16	18	1372585	1.000000	0.000000	0.000000	0.000000	0.000000	0.000000	0.000000	0.000000	0.000000	0.000009	0.000002	0.000002	0.000005	0.000002	0.000002	0.000000	0.000002	0.000002	0.000009	-0.000000	-1815855.749111	54	-1815856.475348	0.993914	4.795400e-01,1.546137e-01,2.150254e-02,1.742421e-01,1.029835e-01,1.967277e-02,2.167141e-02,1.956282e-02,6.211146e-03	0.419232	0.250406	0.028979	-2103856.423305	6
16	19	1372816	1.000000	0.000000	0.000000	0.000000	0.000000	0.000000	0.000000	0.000000	0.000000	0.000009	0.000001	0.000001	0.000005	0.000001	0.000001	0.000000	0.000001	0.000001	0.000009	-0.000000	-1815305.790067	50	-1815306.564531	0.994081	4.743179e-01,1.606564e-01,2.066838e-02,1.729089e-01,1.045432e-01,1.948216e-02,2.130442e-02,1.993044e-02,6.188143e-03	0.401487	0.251941	0.035387	-2110166.335148	6
17	18	1373133	1.000000	0.000000	0.000000	0.000000	0.000000	0.000000	0.000000	0.000000	0.000000	0.000005	0.000001	0.000001	0.000003	0.000001	0.000001	0.000000	0.000001	0.000001	0.000005	-0.000000	-1790846.863469	50	-1790847.305852	0.994311	4.891204e-01,1.552844e-01,2.211163e-02,1.657759e-01,1.038851e-01,1.961576e-02,2.047537e-02,1.802645e-02,5.705088e-03	0.409943	0.258878	0.033031	-2082808.339269	6
17	19	1373296	1.000000	0.000000	0.000000	0.000000	0.000000	0.000000	0.000000	0.000000	0.000000	0.000012	0.000001	0.000001	0.000007	0.000001	0.000001	0.000000	0.000001	0.000002	0.000012	-0.000000	-1790053.801079	51	-1790054.900818	0.994429	4.836398e-01,1.612943e-01,2.159417e-02,1.641980e-01,1.058419e-01,1.923025e-02,2.059446e-02,1.805044e-02,5.556803e-03	0.398601	0.261363	0.037365	-2089648.724374	6
18	19	1372853	1.000000	0.000000	0.000000	0.000000	0.000000	0.000000	0.000000	0.000000	0.000000	0.000031	0.000003	0.000003	0.000017	0.000003	0.000003	0.000024	0.000003	0.000027	0.000031	0.000000	-1794686.549622	62	-1794687.695847	0.994108	4.929442e-01,1.616634e-01,2.077322e-02,1.539865e-01,1.039318e-01,1.930044e-02,2.156782e-02,1.955180e-02,6.280852e-03	0.407392	0.261896	0.034230	-2081494.326996	6
