a	b	ida	idb	nSites	J9	J8	J7	J6	J5	J4	J3	J2	J1	rab	Fa	Fb	theta	inbred_relatedness_1_2	inbred_relatedness_2_1	fraternity	identity	zygosity	2of3_IDB	F_diff_a_b	loglh	nIter	bestoptimll	coverage	2dsfs	R0	R1	KING	2dsfs_loglike	2dsfsf_niter
0	1	s10	s11	871389	1.000000	0.000000	0.000000	0.000000	0.000000	0.000000	0.000000	0.000000	0.000000	0.000004	0.000000	0.000001	0.000002	0.000000	0.000000	0.000000	0.000000	0.000001	0.000004	-0.000000	-1145382.406048	66	-1145382.676173	0.991455	4.668818e-01,1.548368e-01,2.139914e-02,1.783028e-01,1.172491e-01,1.958923e-02,1.922838e-02,1.699935e-02,5.513487e-03	0.346506	0.285725	0.059570	-1343244.935872	6
0	2	s10	s12	871500	1.000000	0.000000	0.000000	0.000000	0.000000	0.000000	0.000000	0.000000	0.000000	0.000006	0.000001	0.000001	0.000003	0.000001	0.000001	0.000000	0.000001	0.000001	0.000006	0.000000	-1155336.762690	59	-1155337.456051	0.991582	4.479592e-01,1.741860e-01,2.097125e-02,1.814184e-01,1.169405e-01,1.675703e-02,2.068764e-02,1.669753e-02,4.382362e-03	0.356240	0.271501	0.053974	-1352100.439139	6
0	3	s10	s13	871430	1.000000	0.000000	0.000000	0.000000	0.000000	0.000000	0.000000	0.000000	0.000000	0.000002	0.000000	0.000000	0.000001	0.000000	0.000000	0.000000	0.000000	0.000000	0.000002	-0.000000	-1144587.604889	46	-1144587.759800	0.991502	4.657654e-01,1.560980e-01,2.127808e-02,1.783544e-01,1.175980e-01,1.914852e-02,1.909801e-02,1.720476e-02,5.454872e-03	0.343340	0.286000	0.060801	-1343561.593947	6
0	4	s10	s14	872293	0.363465	0.425654	0.210880	0.000000	0.000000	0.000000	0.000000	0.000001	0.000000	0.423707	0.000001	0.000001	0.211854	0.000000	0.000000	0.210881	0.000000	0.210881	0.423708	-0.000000	-1089098.584294	74	-1	0.992484	5.324987e-01,1.049325e-01,5.390810e-03,1.087450e-01,1.845501e-01,2.208917e-02,5.189663e-03,2.104968e-02,1.555431e-02	0.057331	0.690173	0.261040	-1236180.336318	6
0	5	s10	s15	871556	1.000000	0.000000	0.000000	0.000000	0.000000	0.000000	0.000000	0.000000	0.000000	0.000005	0.000000	0.000000	0.000002	0.000000	0.000000	0.000000	0.000000	0.000000	0.000005	-0.000000	-1159425.266349	38	-1159425.722378	0.991645	4.472416e-01,1.749478e-01,2.089467e-02,1.766771e-01,1.218020e-01,1.666995e-02,2.051013e-02,1.674412e-02,4.512657e-03	0.339935	0.285623	0.062026	-1354467.188496	6
0	6	s10	s16	871287	1.000000	0.000000	0.000000	0.000000	0.000000	0.000000	0.000000	0.000000	0.000000	0.000006	0.000003	0.000003	0.000005	0.000003	0.000003	0.000000	0.000003	0.000003	0.000006	-0.000000	-1145320.125600	50	-1145320.796402	0.991339	4.649339e-01,1.564696e-01,2.175783e-02,1.790247e-01,1.170258e-01,1.902663e-02,1.930961e-02,1.718067e-02,5.271249e-03	0.350926	0.283514	0.057599	-1343883.629603	6
0	7	s10	s17	871781	0.950831	0.000015	0.000000	0.000000	0.049155	0.000000	0.000000	0.000000	0.000000	0.036873	0.000000	0.049155	0.024581	0.000000	0.024577	0.000000	0.000000	0.000000	0.049162	0.000000	-1164537.544667	70	-1	0.991901	4.748587e-01,1.520683e-01,1.606905e-02,1.692581e-01,1.137016e-01,3.229010e-02,1.728941e-02,1.499804e-02,9.466769e-03	0.293386	0.282859	0.078831	-1349061.064735	6
0	8	s10	s18	871555	1.000000	0.000000	0.000000	0.000000	0.000000	0.000000	0.000000	0.000000	0.000000	0.000007	0.000003	0.000003	0.000005	0.000003	0.000003	0.000002	0.000003	0.000005	0.000007	-0.000000	-1151540.410802	66	-1151541.057653	0.991644	4.628051e-01,1.586034e-01,2.166815e-02,1.724347e-01,1.237378e-01,1.899775e-02,1.936075e-02,1.713053e-02,5.261776e-03	0.331579	0.303134	0.067812	-1348403.628998	6
0	9	s10	s19	871328	1.000000	0.000000	0.000000	0.000000	0.000000	0.000000	0.000000	0.000000	0.000000	0.000005	0.000001	0.000001	0.000003	0.000001	0.000001	0.000000	0.000001	0.000001	0.000005	-0.000000	-1147130.576421	54	-1147131.044087	0.991386	4.535716e-01,1.684399e-01,2.106672e-02,1.791508e-01,1.181062e-01,1.788393e-02,1.987957e-02,1.718502e-02,4.716271e-03	0.346690	0.278812	0.058516	-1350849.853151	6
0	10	s10	S1	871739	1.000000	0.000000	0.000000	0.000000	0.000000	0.000000	0.000000	0.000000	0.000000	0.000003	0.000000	0.000000	0.000001	0.000000	0.000000	0.000000	0.000000	0.000000	0.000003	-0.000000	-1148938.186848	58	-1148938.384014	0.991853	4.584218e-01,1.633411e-01,2.124428e-02,1.743322e-01,1.220667e-01,1.884793e-02,1.949330e-02,1.713804e-02,5.114722e-03	0.333732	0.294565	0.065704	-1351083.001816	6
0	11	s10	s20	873531	0.864715	0.000128	0.135157	0.000000	0.000000	0.000000	0.000000	0.000000	0.000000	0.135221	0.000000	0.000000	0.067611	0.000000	0.000000	0.135157	0.000000	0.135157	0.135221	0.000000	-1285238.969237	111	-1	0.993892	2.940882e-01,3.493570e-01,1.589226e-06,3.040234e-02,2.843920e-01,4.710979e-05,6.720661e-05,4.110219e-02,5.422698e-04	0.000242	0.675552	0.287215	-1161201.744794	10
0	12	s10	S2	871384	1.000000	0.000000	0.000000	0.000000	0.000000	0.000000	0.000000	0.000000	0.000000	0.000003	0.000000	0.000001	0.000002	0.000000	0.000000	0.000000	0.000000	0.000001	0.000003	-0.000000	-1146574.579811	66	-1146574.834576	0.991450	4.638417e-01,1.575672e-01,2.165403e-02,1.789237e-01,1.171511e-01,1.909818e-02,1.954147e-02,1.692159e-02,5.300958e-03	0.351644	0.283175	0.057283	-1345571.944599	6
0	13	s10	s3	871623	1.000000	0.000000	0.000000	0.000000	0.000000	0.000000	0.000000	0.000000	0.000000	0.000006	0.000002	0.000002	0.000004	0.000002	0.000002	0.000000	0.000002	0.000002	0.000006	-0.000000	-1148302.421270	50	-1148303.026601	0.991721	4.595187e-01,1.625204e-01,2.105288e-02,1.797538e-01,1.168001e-01,1.858935e-02,1.943633e-02,1.728357e-02,5.044887e-03	0.346654	0.279001	0.058556	-1347332.557550	6
0	14	s10	s4	871660	1.000000	0.000000	0.000000	0.000000	0.000000	0.000000	0.000000	0.000000	0.000000	0.000001	0.000000	0.000000	0.000001	0.000000	0.000000	0.000000	0.000000	0.000000	0.000001	-0.000000	-1153507.164670	54	-1153507.244472	0.991764	4.576160e-01,1.639901e-01,2.150183e-02,1.747732e-01,1.221191e-01,1.824487e-02,1.982753e-02,1.699659e-02,4.930778e-03	0.338435	0.294026	0.063827	-1350977.759600	6
0	15	s10	s5	871524	1.000000	0.000000	0.000000	0.000000	0.000000	0.000000	0.000000	0.000000	0.000000	0.000012	0.000000	0.000000	0.000006	0.000000	0.000000	0.000008	0.000000	0.000008	0.000012	-0.000000	-1152721.094332	58	-1152721.474421	0.991609	4.590803e-01,1.645704e-01,1.940434e-02,1.693441e-01,1.276754e-01,1.817532e-02,1.852459e-02,1.784622e-02,5.379352e-03	0.297073	0.313034	0.082870	-1347586.891459	6
0	16	s10	s6	871452	1.000000	0.000000	0.000000	0.000000	0.000000	0.000000	0.000000	0.000000	0.000000	0.000004	0.000000	0.000000	0.000002	0.000000	0.000000	0.000000	0.000000	0.000000	0.000004	-0.000000	-1151136.451658	46	-1151136.692351	0.991527	4.630928e-01,1.581704e-01,2.174940e-02,1.730287e-01,1.225897e-01,1.965540e-02,1.933088e-02,1.707682e-02,5.305744e-03	0.335104	0.299722	0.065941	-1349283.742233	6
0	17	s10	s7	871720	1.000000	0.000000	0.000000	0.000000	0.000000	0.000000	0.000000	0.000000	0.000000	0.000003	0.000001	0.000001	0.000002	0.000001	0.000001	0.000000	0.000001	0.000001	0.000003	0.000000	-1145009.766618	58	-1145010.145066	0.991832	4.469743e-01,1.758369e-01,2.027400e-02,1.809529e-01,1.180097e-01,1.617753e-02,2.057394e-02,1.696209e-02,4.238721e-03	0.346141	0.273946	0.058014	-1350830.225045	6
0	18	s10	s8	871663	1.000000	0.000000	0.000000	0.000000	0.000000	0.000000	0.000000	0.000000	0.000000	0.000009	0.000001	0.000001	0.000005	0.000001	0.000001	0.000000	0.000001	0.000001	0.000010	-0.000000	-1148908.521943	55	-1148909.216903	0.991767	4.634625e-01,1.580598e-01,2.157796e-02,1.791728e-01,1.162946e-01,1.969881e-02,1.919705e-02,1.715633e-02,5.380108e-03	0.350618	0.280321	0.057270	-1347259.869600	7
0	19	s10	s9	871611	1.000000	0.000000	0.000000	0.000000	0.000000	0.000000	0.000000	0.000000	0.000000	0.000000	0.000000	0.000079	0.000000	0.000000	0.000000	0.000000	0.000000	0.000000	0.000040	-0.000040	-1158697.192274	82	-1158697.679501	0.991708	4.646792e-01,1.524902e-01,2.590237e-02,1.806442e-01,1.127525e-01,2.177054e-02,1.956184e-02,1.635400e-02,5.845126e-03	0.403221	0.270569	0.036571	-1355672.041020	6
1	2	s11	s12	871541	1.000000	0.000000	0.000000	0.000000	0.000000	0.000000	0.000000	0.000000	0.000000	0.000002	0.000000	0.000000	0.000001	0.000000	0.000000	0.000000	0.000000	0.000000	0.000002	-0.000000	-1152058.601598	78	-1152058.682097	0.991628	4.734157e-01,1.712491e-01,1.975065e-02,1.549046e-01,1.171986e-01,1.695288e-02,2.179183e-02,1.936699e-02,5.369549e-03	0.354462	0.290084	0.057154	-1338260.128240	6
1	3	s11	s13	871519	0.991585	0.000002	0.008411	0.000000	0.000000	0.000000	0.000000	0.000000	0.000001	0.008413	0.000001	0.000001	0.004207	0.000001	0.000001	0.008411	0.000001	0.008412	0.008413	0.000000	-1141205.325140	78	-1	0.991603	4.888775e-01,1.549751e-01,2.054969e-02,1.535943e-01,1.165837e-01,1.891295e-02,2.076403e-02,1.936262e-02,6.380189e-03	0.354370	0.300351	0.058544	-1330056.628517	6
1	4	s11	s14	871660	1.000000	0.000000	0.000000	0.000000	0.000000	0.000000	0.000000	0.000000	0.000000	0.000002	0.000000	0.000000	0.000001	0.000000	0.000000	0.000000	0.000000	0.000000	0.000002	0.000000	-1146707.488445	70	-1146707.603378	0.991764	4.699791e-01,1.749663e-01,1.943264e-02,1.553873e-01,1.159595e-01,1.774037e-02,2.127589e-02,1.945731e-02,5.801673e-03	0.351058	0.284033	0.057622	-1342757.428810	6
1	5	s11	s15	871561	1.000000	0.000000	0.000000	0.000000	0.000000	0.000000	0.000000	0.000000	0.000000	0.000004	0.000003	0.000003	0.000004	0.000003	0.000003	0.000000	0.000003	0.000003	0.000004	0.000000	-1156306.485910	66	-1156306.999654	0.991651	4.668917e-01,1.778418e-01,1.966327e-02,1.557549e-01,1.164002e-01,1.694429e-02,2.182096e-02,1.922622e-02,5.456635e-03	0.356393	0.283039	0.055482	-1343850.280383	6
1	6	s11	s16	871378	0.995121	0.000000	0.004879	0.000000	0.000000	0.000000	0.000000	0.000000	0.000000	0.004879	0.000000	0.000000	0.002439	0.000000	0.000000	0.004879	0.000000	0.004879	0.004879	0.000000	-1141963.442564	106	-1	0.991443	4.883130e-01,1.555604e-01,2.056256e-02,1.541729e-01,1.157099e-01,1.917933e-02,2.079152e-02,1.941392e-02,6.296481e-03	0.357395	0.296935	0.056924	-1330128.330900	6
1	7	s11	s17	871653	0.997329	0.000000	0.000000	0.002671	0.000000	0.000000	0.000000	0.000000	0.000000	0.000000	0.000000	0.002671	0.000000	0.000000	0.000000	0.000000	0.000000	0.000000	0.001336	-0.001336	-1164210.876274	110	-1	0.991756	4.738840e-01,1.606965e-01,2.977060e-02,1.638379e-01,1.034761e-01,2.178864e-02,2.371936e-02,1.655430e-02,6.272650e-03	0.516930	0.248521	-0.006149	-1359878.231155	6
1	8	s11	s18	871498	0.998685	0.000000	0.001314	0.000000	0.000000	0.000000	0.000000	0.000000	0.000000	0.001315	0.000000	0.000000	0.000657	0.000000	0.000000	0.001314	0.000000	0.001315	0.001315	-0.000000	-1148037.122722	86	-1	0.991579	4.810084e-01,1.627779e-01,2.060003e-02,1.527931e-01,1.173665e-01,1.895722e-02,2.090433e-02,1.924512e-02,6.347435e-03	0.353631	0.296922	0.058381	-1337761.309670	6
1	9	s11	s19	871391	1.000000	0.000000	0.000000	0.000000	0.000000	0.000000	0.000000	0.000000	0.000000	0.000016	0.000001	0.000001	0.000008	0.000001	0.000001	0.000008	0.000001	0.000009	0.000016	0.000000	-1143684.075037	58	-1143684.582091	0.991457	4.773611e-01,1.670302e-01,1.996987e-02,1.542380e-01,1.170191e-01,1.782513e-02,2.102588e-02,1.965374e-02,5.876971e-03	0.350334	0.292736	0.059090	-1337334.587571	6
1	10	s11	S1	871635	1.000000	0.000000	0.000000	0.000000	0.000000	0.000000	0.000000	0.000000	0.000000	0.000003	0.000000	0.000000	0.000002	0.000000	0.000000	0.000002	0.000000	0.000002	0.000003	0.000000	-1145375.381214	62	-1145375.447678	0.991735	4.772144e-01,1.666051e-01,2.056368e-02,1.538840e-01,1.164963e-01,1.872965e-02,2.112732e-02,1.948839e-02,5.891092e-03	0.357874	0.290951	0.055965	-1340366.668511	6
1	11	s11	s20	873323	1.000000	0.000000	0.000000	0.000000	0.000000	0.000000	0.000000	0.000000	0.000000	0.000002	0.000001	0.000001	0.000001	0.000000	0.000000	0.000000	0.000000	0.000000	0.000003	0.000000	-1293741.475722	63	-1293742.311462	0.993656	2.599634e-01,4.043658e-01,1.157167e-05,6.078516e-02,2.282449e-01,1.187752e-04,3.539533e-03,4.256791e-02,4.029082e-04	0.015558	0.446324	0.229323	-1206096.327296	9
1	12	s11	S2	871408	0.994235	0.000001	0.005762	0.000000	0.000000	0.000000	0.000000	0.000000	0.000002	0.005765	0.000002	0.000002	0.002883	0.000002	0.000002	0.005762	0.000002	0.005764	0.005765	0.000000	-1142983.971607	82	-1	0.991477	4.879614e-01,1.557151e-01,2.065903e-02,1.537829e-01,1.162255e-01,1.911973e-02,2.056896e-02,1.974262e-02,6.224753e-03	0.354724	0.298329	0.058142	-1331180.879350	6
1	13	s11	s3	871613	1.000000	0.000000	0.000000	0.000000	0.000000	0.000000	0.000000	0.000000	0.000000	0.000179	0.000000	0.000000	0.000090	0.000000	0.000000	0.000179	0.000000	0.000179	0.000179	0.000000	-1144975.079654	82	-1144975.599013	0.991710	4.840391e-01,1.603266e-01,2.005590e-02,1.537708e-01,1.167724e-01,1.853364e-02,2.084789e-02,1.954289e-02,6.110751e-03	0.350287	0.297072	0.059696	-1333191.250020	6
1	14	s11	s4	871652	1.000000	0.000000	0.000000	0.000000	0.000000	0.000000	0.000000	0.000000	0.000000	0.000007	0.000000	0.000000	0.000004	0.000000	0.000000	0.000001	0.000000	0.000001	0.000007	0.000000	-1150060.566741	66	-1150060.809934	0.991754	4.766762e-01,1.676716e-01,2.010165e-02,1.547981e-01,1.158061e-01,1.845038e-02,2.070925e-02,1.967526e-02,6.111363e-03	0.352407	0.288501	0.057724	-1339892.869361	6
1	15	s11	s5	871520	1.000000	0.000000	0.000000	0.000000	0.000000	0.000000	0.000000	0.000000	0.000000	0.000008	0.000000	0.000000	0.000004	0.000000	0.000000	0.000001	0.000000	0.000001	0.000008	0.000000	-1149361.217660	58	-1149361.591087	0.991604	4.707978e-01,1.740836e-01,1.957278e-02,1.551493e-01,1.164064e-01,1.748397e-02,2.105759e-02,1.960345e-02,5.844979e-03	0.349039	0.286046	0.058661	-1341942.885529	6
1	16	s11	s6	871452	1.000000	0.000000	0.000000	0.000000	0.000000	0.000000	0.000000	0.000000	0.000000	0.000101	0.000001	0.000001	0.000051	0.000001	0.000001	0.000098	0.000001	0.000099	0.000101	0.000000	-1147785.106644	70	-1147785.705948	0.991527	4.807161e-01,1.627359e-01,2.098044e-02,1.538599e-01,1.159342e-01,1.929926e-02,2.094702e-02,1.912646e-02,6.400727e-03	0.361649	0.292063	0.054660	-1339274.700862	6
1	17	s11	s7	871746	1.000000	0.000000	0.000000	0.000000	0.000000	0.000000	0.000000	0.000000	0.000000	0.000007	0.000001	0.000001	0.000004	0.000001	0.000001	0.000000	0.000001	0.000001	0.000007	0.000000	-1141753.265323	58	-1141753.735574	0.991861	4.699957e-01,1.753059e-01,1.908001e-02,1.564889e-01,1.162606e-01,1.633996e-02,2.204477e-02,1.923352e-02,5.250700e-03	0.353729	0.284608	0.056695	-1338588.302173	7
1	18	s11	s8	871697	0.995416	0.000000	0.004583	0.000000	0.000000	0.000000	0.000000	0.000000	0.000001	0.004584	0.000001	0.000001	0.002292	0.000001	0.000001	0.004583	0.000001	0.004584	0.004584	0.000000	-1145312.129578	110	-1	0.991806	4.870887e-01,1.565628e-01,2.076127e-02,1.541251e-01,1.155054e-01,1.946439e-02,2.059334e-02,1.946490e-02,6.434089e-03	0.358032	0.295432	0.056484	-1333263.636286	6
1	19	s11	s9	871655	1.000000	0.000000	0.000000	0.000000	0.000000	0.000000	0.000000	0.000000	0.000000	0.000049	0.000000	0.000045	0.000025	0.000000	0.000000	0.000049	0.000000	0.000049	0.000072	-0.000022	-1155528.686600	70	-1155529.151781	0.991758	4.874650e-01,1.514979e-01,2.541674e-02,1.561060e-01,1.118221e-01,2.119297e-02,2.136841e-02,1.825388e-02,6.877043e-03	0.418389	0.283931	0.031982	-1342896.446665	6
2	3	s12	s13	871607	1.000000	0.000000	0.000000	0.000000	0.000000	0.000000	0.000000	0.000000	0.000000	0.000006	0.000005	0.000005	0.000006	0.000005	0.000005	0.000000	0.000005	0.000005	0.000006	-0.000000	-1150914.422572	51	-1150915.155891	0.991703	4.720476e-01,1.568764e-01,2.117622e-02,1.717496e-01,1.168162e-01,1.924616e-02,1.948480e-02,1.715951e-02,5.443504e-03	0.348077	0.287943	0.059289	-1338266.594412	6
2	4	s12	s14	871807	1.000000	0.000000	0.000000	0.000000	0.000000	0.000000	0.000000	0.000000	0.000000	0.000003	0.000001	0.000001	0.000002	0.000001	0.000001	0.000000	0.000001	0.000001	0.000003	0.000000	-1156731.101399	58	-1156731.455626	0.991931	4.521693e-01,1.769592e-01,2.091232e-02,1.739330e-01,1.163376e-01,1.756780e-02,2.054735e-02,1.703988e-02,4.533572e-03	0.356374	0.272479	0.054060	-1351356.739770	6
2	5	s12	s15	872595	0.003580	0.652321	0.344099	0.000000	0.000000	0.000000	0.000000	0.000000	0.000000	0.670260	0.000000	0.000000	0.335130	0.000000	0.000000	0.344099	0.000000	0.344099	0.670260	-0.000000	-998111.507062	170	-1	0.992827	5.737005e-01,7.606707e-02,4.986081e-05,7.067953e-02,2.179284e-01,1.939189e-02,4.302750e-05,1.944561e-02,2.269409e-02	0.000426	1.173696	0.350383	-1117947.521747	9
2	6	s12	s16	871472	1.000000	0.000000	0.000000	0.000000	0.000000	0.000000	0.000000	0.000000	0.000000	0.000001	0.000000	0.000000	0.000001	0.000000	0.000000	0.000000	0.000000	0.000000	0.000001	-0.000000	-1151731.892300	54	-1151731.958445	0.991550	4.721349e-01,1.566708e-01,2.132254e-02,1.716925e-01,1.166490e-01,1.945225e-02,1.950579e-02,1.729830e-02,5.273859e-03	0.350010	0.287354	0.058475	-1338017.301836	6
2	7	s12	s17	871704	0.997453	0.000000	0.000000	0.002547	0.000000	0.000000	0.000000	0.000000	0.000000	0.000000	0.000000	0.002547	0.000000	0.000000	0.000000	0.000000	0.000000	0.000000	0.001274	-0.001274	-1173823.595830	98	-1	0.991814	4.576222e-01,1.612391e-01,3.113199e-02,1.819269e-01,1.045390e-01,2.137473e-02,2.197313e-02,1.487323e-02,5.319695e-03	0.507993	0.241698	-0.002840	-1365947.418589	6
2	8	s12	s18	871605	1.000000	0.000000	0.000000	0.000000	0.000000	0.000000	0.000000	0.000000	0.000000	0.000005	0.000004	0.000004	0.000004	0.000004	0.000004	0.000000	0.000004	0.000004	0.000005	-0.000000	-1157764.342439	58	-1157764.966089	0.991701	4.634048e-01,1.648466e-01,2.185027e-02,1.713707e-01,1.174338e-01,1.896872e-02,1.996441e-02,1.705510e-02,5.105573e-03	0.356070	0.283618	0.055681	-1346683.108047	6
2	9	s12	s19	871470	1.000000	0.000000	0.000000	0.000000	0.000000	0.000000	0.000000	0.000000	0.000000	0.000004	0.000001	0.000001	0.000003	0.000001	0.000001	0.000000	0.000001	0.000001	0.000004	-0.000000	-1153487.734010	42	-1153488.137712	0.991547	4.604145e-01,1.689435e-01,2.067325e-02,1.723586e-01,1.175089e-01,1.800765e-02,1.994180e-02,1.714993e-02,5.001916e-03	0.345634	0.281745	0.059330	-1345134.887864	6
2	10	s12	S1	871780	1.000000	0.000000	0.000000	0.000000	0.000000	0.000000	0.000000	0.000000	0.000000	0.000007	0.000002	0.000002	0.000005	0.000002	0.000002	0.000000	0.000002	0.000003	0.000007	-0.000000	-1155467.379435	54	-1155468.034387	0.991900	4.606969e-01,1.679163e-01,2.149239e-02,1.719417e-01,1.173618e-01,1.850938e-02,1.966072e-02,1.722776e-02,5.193010e-03	0.350652	0.281613	0.057438	-1348187.627955	6
2	11	s12	s20	873413	1.000000	0.000000	0.000000	0.000000	0.000000	0.000000	0.000000	0.000000	0.000000	0.000000	0.000000	0.000001	0.000000	0.000000	0.000000	0.000000	0.000000	0.000000	0.000001	-0.000000	-1303557.660749	46	-1303558.100149	0.993758	2.425911e-01,4.074000e-01,2.414014e-05,7.806194e-02,2.296881e-01,1.575620e-04,3.634009e-03,3.806920e-02,3.739105e-04	0.015927	0.435554	0.226203	-1217175.022672	9
2	12	s12	S2	871562	1.000000	0.000000	0.000000	0.000000	0.000000	0.000000	0.000000	0.000000	0.000000	0.000001	0.000000	0.000000	0.000001	0.000000	0.000000	0.000000	0.000000	0.000000	0.000001	-0.000000	-1152868.279860	54	-1152868.341330	0.991652	4.717557e-01,1.566439e-01,2.166817e-02,1.710332e-01,1.176731e-01,1.914254e-02,1.956293e-02,1.726620e-02,5.254247e-03	0.350387	0.290324	0.058740	-1339258.451665	6
2	13	s12	s3	871754	1.000000	0.000000	0.000000	0.000000	0.000000	0.000000	0.000000	0.000000	0.000000	0.000004	0.000001	0.000001	0.000002	0.000001	0.000001	0.000000	0.000001	0.000001	0.000004	-0.000000	-1154613.224823	58	-1154613.521636	0.991871	4.664540e-01,1.624595e-01,2.121161e-02,1.722430e-01,1.169160e-01,1.863707e-02,1.998627e-02,1.719044e-02,4.902058e-03	0.352372	0.283964	0.057119	-1341921.361156	6
2	14	s12	s4	871750	1.000000	0.000000	0.000000	0.000000	0.000000	0.000000	0.000000	0.000000	0.000000	0.000005	0.000001	0.000001	0.000003	0.000001	0.000001	0.000000	0.000001	0.000001	0.000005	-0.000000	-1159730.193795	58	-1159730.632132	0.991866	4.594120e-01,1.698741e-01,2.087263e-02,1.726941e-01,1.164004e-01,1.867645e-02,2.014954e-02,1.681288e-02,5.107883e-03	0.352423	0.277752	0.056242	-1347857.484944	6
2	15	s12	s5	871641	1.000000	0.000000	0.000000	0.000000	0.000000	0.000000	0.000000	0.000000	0.000000	0.000002	0.000000	0.000000	0.000001	0.000000	0.000000	0.000000	0.000000	0.000000	0.000002	0.000000	-1159117.136036	62	-1159117.284152	0.991742	4.538032e-01,1.759666e-01,2.038700e-02,1.731466e-01,1.167154e-01,1.788188e-02,2.013636e-02,1.726343e-02,4.699517e-03	0.347198	0.274765	0.057745	-1349763.799895	6
2	16	s12	s6	871562	1.000000	0.000000	0.000000	0.000000	0.000000	0.000000	0.000000	0.000000	0.000000	0.000004	0.000000	0.000000	0.000002	0.000000	0.000000	0.000000	0.000000	0.000000	0.000004	-0.000000	-1157559.903886	54	-1157560.146213	0.991652	4.658246e-01,1.628072e-01,2.143997e-02,1.703475e-01,1.179317e-01,1.957269e-02,1.935350e-02,1.703137e-02,5.691386e-03	0.345907	0.287251	0.060012	-1345858.271522	6
2	17	s12	s7	871871	1.000000	0.000000	0.000000	0.000000	0.000000	0.000000	0.000000	0.000000	0.000000	0.000002	0.000000	0.000000	0.000001	0.000000	0.000000	0.000000	0.000000	0.000001	0.000002	0.000000	-1151450.177143	54	-1151450.354748	0.992004	4.538771e-01,1.763617e-01,1.984018e-02,1.742878e-01,1.171954e-01,1.632444e-02,2.037941e-02,1.721400e-02,4.520119e-03	0.343184	0.276139	0.059420	-1345277.416941	6
2	18	s12	s8	871783	1.000000	0.000000	0.000000	0.000000	0.000000	0.000000	0.000000	0.000000	0.000000	0.000004	0.000000	0.000000	0.000002	0.000000	0.000000	0.000000	0.000000	0.000001	0.000004	-0.000000	-1155199.862883	50	-1155200.111523	0.991904	4.695863e-01,1.581168e-01,2.242236e-02,1.721745e-01,1.164993e-01,1.914548e-02,2.006128e-02,1.687404e-02,5.119874e-03	0.364669	0.284983	0.052614	-1342437.769530	6
2	19	s12	s9	871782	1.000000	0.000000	0.000000	0.000000	0.000000	0.000000	0.000000	0.000000	0.000000	0.000000	0.000000	0.000050	0.000000	0.000000	0.000000	0.000000	0.000000	0.000000	0.000025	-0.000025	-1165284.804793	94	-1165285.101828	0.991902	4.696790e-01,1.537637e-01,2.661011e-02,1.748548e-01,1.116091e-01,2.140349e-02,2.035149e-02,1.618075e-02,5.547523e-03	0.420769	0.270132	0.030005	-1351712.957014	6
3	4	s13	s14	871783	1.000000	0.000000	0.000000	0.000000	0.000000	0.000000	0.000000	0.000000	0.000000	0.000005	0.000001	0.000001	0.000003	0.000001	0.000001	0.000000	0.000001	0.000001	0.000005	0.000000	-1146121.419109	74	-1146121.743878	0.991904	4.692115e-01,1.738476e-01,2.013906e-02,1.559037e-01,1.175745e-01,1.744759e-02,2.148218e-02,1.896453e-02,5.429322e-03	0.353999	0.288325	0.057095	-1343498.222800	6
3	5	s13	s15	871653	1.000000	0.000000	0.000000	0.000000	0.000000	0.000000	0.000000	0.000000	0.000000	0.000006	0.000001	0.000001	0.000004	0.000001	0.000001	0.000000	0.000001	0.000002	0.000006	0.000000	-1155405.526211	62	-1155406.004772	0.991756	4.657544e-01,1.782242e-01,1.918712e-02,1.575606e-01,1.157726e-01,1.758314e-02,2.123142e-02,1.941347e-02,5.272987e-03	0.349120	0.280185	0.057809	-1343986.168929	6
3	6	s13	s16	871530	0.991804	0.000005	0.008191	0.000000	0.000000	0.000000	0.000000	0.000000	0.000000	0.008193	0.000000	0.000000	0.004097	0.000000	0.000000	0.008191	0.000000	0.008191	0.008193	0.000000	-1141194.225238	77	-1	0.991616	4.881051e-01,1.547953e-01,2.032450e-02,1.550330e-01,1.166601e-01,1.921441e-02,2.011869e-02,1.923321e-02,6.515661e-03	0.346675	0.300114	0.061510	-1329532.111765	6
3	7	s13	s17	871737	0.997258	0.000000	0.000000	0.002742	0.000000	0.000000	0.000000	0.000000	0.000000	0.000000	0.000000	0.002742	0.000000	0.000000	0.000000	0.000000	0.000000	0.000000	0.001371	-0.001371	-1163384.876498	94	-1	0.991851	4.739419e-01,1.596816e-01,2.957792e-02,1.640838e-01,1.047640e-01,2.204367e-02,2.349964e-02,1.619191e-02,6.215536e-03	0.506639	0.252396	-0.002434	-1359462.329923	6
3	8	s13	s18	871662	1.000000	0.000000	0.000000	0.000000	0.000000	0.000000	0.000000	0.000000	0.000000	0.000512	0.000000	0.000000	0.000256	0.000000	0.000000	0.000512	0.000000	0.000512	0.000512	0.000000	-1147334.166532	66	-1147334.304259	0.991766	4.803723e-01,1.620975e-01,2.072932e-02,1.540611e-01,1.180941e-01,1.877156e-02,2.023639e-02,1.924429e-02,6.393500e-03	0.346890	0.298866	0.061255	-1337696.487245	6
3	9	s13	s19	871521	1.000000	0.000000	0.000000	0.000000	0.000000	0.000000	0.000000	0.000000	0.000000	0.000006	0.000000	0.000000	0.000003	0.000000	0.000000	0.000006	0.000000	0.000006	0.000006	0.000000	-1142849.548370	78	-1142849.647599	0.991605	4.774500e-01,1.661470e-01,1.956249e-02,1.546308e-01,1.181531e-01,1.815011e-02,2.053327e-02,1.939693e-02,5.976288e-03	0.339354	0.296554	0.063841	-1336515.722879	6
3	10	s13	S1	871777	1.000000	0.000000	0.000000	0.000000	0.000000	0.000000	0.000000	0.000000	0.000000	0.000004	0.000000	0.000000	0.000002	0.000000	0.000000	0.000004	0.000000	0.000004	0.000004	0.000000	-1144471.972470	62	-1144472.029091	0.991897	4.775561e-01,1.655997e-01,2.009846e-02,1.540994e-01,1.177396e-01,1.904763e-02,2.063573e-02,1.918941e-02,6.034055e-03	0.345969	0.295331	0.061123	-1339326.099846	6
3	11	s13	s20	873451	1.000000	0.000000	0.000000	0.000000	0.000000	0.000000	0.000000	0.000000	0.000000	0.000000	0.000008	0.000000	0.000000	0.000000	0.000000	0.000000	0.000000	0.000000	0.000004	0.000004	-1293075.873394	62	-1293076.312930	0.993801	2.608926e-01,4.022836e-01,1.255779e-05,5.998617e-02,2.308501e-01,1.140927e-04,3.507830e-03,4.193050e-02,4.224325e-04	0.015250	0.454577	0.231683	-1205409.389217	9
3	12	s13	S2	871606	0.994649	0.000013	0.005338	0.000000	0.000000	0.000000	0.000000	0.000000	0.000000	0.005344	0.000000	0.000000	0.002672	0.000000	0.000000	0.005338	0.000000	0.005338	0.005344	-0.000000	-1142291.559857	74	-1	0.991702	4.873350e-01,1.555690e-01,2.025481e-02,1.545913e-01,1.168980e-01,1.944781e-02,2.038064e-02,1.917947e-02,6.343838e-03	0.347614	0.300183	0.061154	-1331092.711979	6
3	13	s13	s3	871781	1.000000	0.000000	0.000000	0.000000	0.000000	0.000000	0.000000	0.000000	0.000000	0.000246	0.000000	0.000000	0.000123	0.000000	0.000000	0.000246	0.000000	0.000246	0.000246	0.000000	-1144135.233454	102	-1144135.641426	0.991901	4.836659e-01,1.595560e-01,2.001716e-02,1.542847e-01,1.178808e-01,1.872902e-02,2.072188e-02,1.916651e-02,5.977930e-03	0.345595	0.300352	0.061962	-1333039.659511	6
3	14	s13	s4	871759	1.000000	0.000000	0.000000	0.000000	0.000000	0.000000	0.000000	0.000000	0.000000	0.000036	0.000001	0.000001	0.000018	0.000001	0.000001	0.000032	0.000001	0.000033	0.000036	0.000000	-1149357.469987	66	-1149357.993582	0.991876	4.766771e-01,1.662375e-01,2.026104e-02,1.547758e-01,1.176469e-01,1.851518e-02,2.076738e-02,1.923446e-02,5.884655e-03	0.348742	0.294271	0.059910	-1339728.853065	6
3	15	s13	s5	871640	1.000000	0.000000	0.000000	0.000000	0.000000	0.000000	0.000000	0.000000	0.000000	0.000014	0.000000	0.000000	0.000007	0.000000	0.000000	0.000003	0.000000	0.000003	0.000014	0.000000	-1148603.388973	62	-1148604.012640	0.991741	4.709828e-01,1.728342e-01,1.940415e-02,1.551401e-01,1.179401e-01,1.781046e-02,2.089569e-02,1.927119e-02,5.721270e-03	0.341698	0.290954	0.062137	-1341445.325550	6
3	16	s13	s6	871575	1.000000	0.000000	0.000000	0.000000	0.000000	0.000000	0.000000	0.000000	0.000000	0.000084	0.000001	0.000001	0.000043	0.000001	0.000001	0.000080	0.000001	0.000081	0.000084	0.000000	-1146928.107501	66	-1146928.698270	0.991667	4.801400e-01,1.619017e-01,2.119565e-02,1.547331e-01,1.168427e-01,1.931763e-02,2.068132e-02,1.901642e-02,6.171459e-03	0.358405	0.294428	0.056211	-1339362.583717	6
3	17	s13	s7	871867	1.000000	0.000000	0.000000	0.000000	0.000000	0.000000	0.000000	0.000000	0.000000	0.000006	0.000003	0.000003	0.000004	0.000003	0.000003	0.000000	0.000003	0.000003	0.000006	0.000000	-1140913.734093	58	-1140914.236749	0.991999	4.716614e-01,1.732613e-01,1.833392e-02,1.556108e-01,1.182437e-01,1.702987e-02,2.133142e-02,1.920146e-02,5.326233e-03	0.335454	0.292126	0.064683	-1336822.371809	6
3	18	s13	s8	871825	0.997452	0.000012	0.002534	0.000000	0.000000	0.000000	0.000000	0.000000	0.000001	0.002541	0.000001	0.000001	0.001271	0.000001	0.000001	0.002534	0.000001	0.002535	0.002541	-0.000000	-1144452.364277	66	-1	0.991951	4.860710e-01,1.562959e-01,2.083560e-02,1.549875e-01,1.164422e-01,1.949964e-02,2.077322e-02,1.878225e-02,6.312805e-03	0.357335	0.297674	0.057043	-1333657.432795	6
3	19	s13	s9	871833	1.000000	0.000000	0.000000	0.000000	0.000000	0.000000	0.000000	0.000000	0.000000	0.000004	0.000001	0.000057	0.000002	0.000001	0.000001	0.000003	0.000001	0.000004	0.000032	-0.000028	-1154652.646771	82	-1154653.050200	0.991960	4.864393e-01,1.513986e-01,2.535388e-02,1.574519e-01,1.117940e-01,2.167493e-02,2.102349e-02,1.839585e-02,6.468020e-03	0.414847	0.282809	0.033256	-1343287.526416	6
4	5	s14	s15	871898	1.000000	0.000000	0.000000	0.000000	0.000000	0.000000	0.000000	0.000000	0.000000	0.000003	0.000000	0.000000	0.000001	0.000000	0.000000	0.000000	0.000000	0.000000	0.000003	-0.000000	-1161093.242146	62	-1161093.480302	0.992034	4.515910e-01,1.745104e-01,2.045290e-02,1.718350e-01,1.215657e-01,1.702442e-02,2.101326e-02,1.740865e-02,4.598522e-03	0.341101	0.287904	0.061921	-1353853.219018	6
4	6	s14	s16	871614	1.000000	0.000000	0.000000	0.000000	0.000000	0.000000	0.000000	0.000000	0.000000	0.000002	0.000000	0.000000	0.000001	0.000000	0.000000	0.000000	0.000000	0.000000	0.000002	0.000000	-1146726.175959	66	-1146726.283385	0.991711	4.685327e-01,1.564975e-01,2.159861e-02,1.748009e-01,1.167039e-01,1.885566e-02,1.990080e-02,1.750879e-02,5.601262e-03	0.355596	0.285226	0.056075	-1343265.063669	6
4	7	s14	s17	871979	0.997358	0.000000	0.000000	0.002642	0.000000	0.000000	0.000000	0.000000	0.000000	0.000000	0.000000	0.002642	0.000000	0.000000	0.000000	0.000000	0.000000	0.000000	0.001321	-0.001321	-1168918.494646	106	-1	0.992127	4.612408e-01,1.544150e-01,3.087018e-02,1.779795e-01,1.109551e-01,2.150111e-02,2.222907e-02,1.533291e-02,5.476294e-03	0.478565	0.262723	0.008046	-1367680.048375	6
4	8	s14	s18	871830	1.000000	0.000000	0.000000	0.000000	0.000000	0.000000	0.000000	0.000000	0.000000	0.000013	0.000001	0.000001	0.000007	0.000001	0.000001	0.000011	0.000001	0.000012	0.000013	-0.000000	-1152920.060221	78	-1152920.406678	0.991957	4.672217e-01,1.581711e-01,2.118247e-02,1.676679e-01,1.234634e-01,1.929729e-02,1.974866e-02,1.780643e-02,5.441013e-03	0.331524	0.305698	0.068213	-1347143.542694	6
4	9	s14	s19	871619	1.000000	0.000000	0.000000	0.000000	0.000000	0.000000	0.000000	0.000000	0.000000	0.000006	0.000001	0.000001	0.000003	0.000001	0.000001	0.000000	0.000001	0.000001	0.000006	-0.000000	-1148467.685505	66	-1148468.225148	0.991717	4.579795e-01,1.682504e-01,2.037529e-02,1.747528e-01,1.174558e-01,1.818182e-02,1.992751e-02,1.797434e-02,5.102571e-03	0.343132	0.280015	0.060010	-1349588.767322	6
4	10	s14	S1	872021	1.000000	0.000000	0.000000	0.000000	0.000000	0.000000	0.000000	0.000000	0.000000	0.000010	0.000001	0.000001	0.000005	0.000001	0.000001	0.000003	0.000001	0.000004	0.000010	-0.000000	-1150404.378683	58	-1150404.916730	0.992174	4.636213e-01,1.619419e-01,2.099538e-02,1.689125e-01,1.226994e-01,1.883390e-02,1.972609e-02,1.790512e-02,5.364275e-03	0.331880	0.300502	0.067303	-1349417.798721	6
4	11	s14	s20	873770	0.919457	0.000030	0.080513	0.000000	0.000000	0.000000	0.000000	0.000000	0.000000	0.080528	0.000000	0.000000	0.040264	0.000000	0.000000	0.080513	0.000000	0.080513	0.080528	0.000000	-1294366.181508	90	-1	0.994164	2.823328e-01,3.644774e-01,3.301685e-06,4.145236e-02,2.686989e-01,6.530211e-05,7.540459e-04,4.172825e-02,4.876027e-04	0.002819	0.599132	0.271220	-1181949.159545	9
4	12	s14	S2	871727	1.000000	0.000000	0.000000	0.000000	0.000000	0.000000	0.000000	0.000000	0.000000	0.000011	0.000001	0.000001	0.000006	0.000001	0.000001	0.000001	0.000001	0.000002	0.000011	-0.000000	-1147835.989677	50	-1147836.637044	0.991840	4.683435e-01,1.569427e-01,2.132511e-02,1.741018e-01,1.171550e-01,1.910102e-02,1.981041e-02,1.757031e-02,5.650151e-03	0.351120	0.286547	0.057944	-1344223.698322	6
4	13	s14	s3	871951	1.000000	0.000000	0.000000	0.000000	0.000000	0.000000	0.000000	0.000000	0.000000	0.000007	0.000003	0.000003	0.000005	0.000003	0.000003	0.000000	0.000003	0.000004	0.000007	-0.000000	-1149755.673004	59	-1149756.422976	0.992095	4.636458e-01,1.620937e-01,2.086542e-02,1.750749e-01,1.166419e-01,1.867550e-02,1.994191e-02,1.787980e-02,5.181072e-03	0.349852	0.281383	0.057705	-1346675.218513	6
4	14	s14	s4	871973	1.000000	0.000000	0.000000	0.000000	0.000000	0.000000	0.000000	0.000000	0.000000	0.000001	0.000000	0.000000	0.000001	0.000000	0.000000	0.000001	0.000000	0.000001	0.000001	-0.000000	-1155015.294993	66	-1155015.338280	0.992120	4.641779e-01,1.617745e-01,2.063431e-02,1.684316e-01,1.232777e-01,1.869648e-02,1.960906e-02,1.805355e-02,5.344811e-03	0.326445	0.302745	0.069748	-1348405.991841	6
4	15	s14	s5	871788	1.000000	0.000000	0.000000	0.000000	0.000000	0.000000	0.000000	0.000000	0.000000	0.000002	0.000000	0.000000	0.000001	0.000000	0.000000	0.000000	0.000000	0.000000	0.000002	-0.000000	-1154043.985486	78	-1154044.086315	0.991909	4.602545e-01,1.665606e-01,1.974556e-02,1.671998e-01,1.253749e-01,1.788261e-02,1.949731e-02,1.819094e-02,5.293844e-03	0.313004	0.306483	0.075557	-1348687.520612	6
4	16	s14	s6	871813	1.000000	0.000000	0.000000	0.000000	0.000000	0.000000	0.000000	0.000000	0.000000	0.000000	0.000000	0.000000	0.000000	0.000000	0.000000	0.000000	0.000000	0.000000	0.000000	-0.000000	-1152596.844843	54	-1152596.859119	0.991938	4.672633e-01,1.577764e-01,2.152867e-02,1.686747e-01,1.221899e-01,1.955414e-02,1.950882e-02,1.786463e-02,5.639352e-03	0.335850	0.301772	0.065951	-1348245.276334	6
4	17	s14	s7	872055	1.000000	0.000000	0.000000	0.000000	0.000000	0.000000	0.000000	0.000000	0.000000	0.000002	0.000001	0.000001	0.000002	0.000001	0.000001	0.000000	0.000001	0.000001	0.000002	0.000000	-1146395.524458	66	-1146395.825475	0.992213	4.507292e-01,1.757845e-01,2.011542e-02,1.766378e-01,1.175301e-01,1.621611e-02,2.118128e-02,1.746164e-02,4.343838e-03	0.351371	0.274991	0.056244	-1350386.019539	6
4	18	s14	s8	871966	1.000000	0.000000	0.000000	0.000000	0.000000	0.000000	0.000000	0.000000	0.000000	0.000003	0.000000	0.000000	0.000001	0.000000	0.000000	0.000000	0.000000	0.000000	0.000003	-0.000000	-1150316.324757	70	-1150316.493532	0.992112	4.672343e-01,1.578735e-01,2.156078e-02,1.747604e-01,1.160226e-01,1.955754e-02,1.977569e-02,1.767243e-02,5.542701e-03	0.356279	0.282156	0.055407	-1346663.173893	6
4	19	s14	s9	871930	1.000000	0.000000	0.000000	0.000000	0.000000	0.000000	0.000000	0.000000	0.000000	0.000000	0.000000	0.000081	0.000000	0.000000	0.000000	0.000000	0.000000	0.000000	0.000041	-0.000040	-1160172.322637	86	-1160172.827439	0.992071	4.677370e-01,1.526288e-01,2.628496e-02,1.768779e-01,1.122630e-01,2.116269e-02,2.025368e-02,1.672456e-02,6.067333e-03	0.414550	0.271211	0.032413	-1355674.693596	6
5	6	s15	s16	871532	1.000000	0.000000	0.000000	0.000000	0.000000	0.000000	0.000000	0.000000	0.000000	0.000002	0.000000	0.000000	0.000001	0.000000	0.000000	0.000000	0.000000	0.000000	0.000002	0.000000	-1156256.658332	118	-1156256.781170	0.991618	4.650991e-01,1.576105e-01,2.174752e-02,1.784417e-01,1.160534e-01,1.895752e-02,1.970868e-02,1.700909e-02,5.372413e-03	0.357217	0.280678	0.054858	-1344254.963397	6
5	7	s15	s17	871826	0.997444	0.000000	0.000000	0.002556	0.000000	0.000000	0.000000	0.000000	0.000000	0.000000	0.000000	0.002556	0.000000	0.000000	0.000000	0.000000	0.000000	0.000000	0.001278	-0.001278	-1178189.334114	86	-1	0.991952	4.574513e-01,1.560967e-01,3.084838e-02,1.817383e-01,1.098777e-01,2.187513e-02,2.218974e-02,1.477230e-02,5.150427e-03	0.482701	0.257012	0.006397	-1368531.468108	6
5	8	s15	s18	871663	1.000000	0.000000	0.000000	0.000000	0.000000	0.000000	0.000000	0.000000	0.000000	0.000008	0.000003	0.000003	0.000005	0.000003	0.000003	0.000000	0.000003	0.000003	0.000008	-0.000000	-1162106.226298	71	-1162106.939969	0.991767	4.626419e-01,1.601415e-01,2.168491e-02,1.723325e-01,1.219861e-01,1.913134e-02,1.960146e-02,1.735031e-02,5.130054e-03	0.338452	0.297351	0.064303	-1348873.638301	6
5	9	s15	s19	871517	1.000000	0.000000	0.000000	0.000000	0.000000	0.000000	0.000000	0.000000	0.000000	0.000006	0.000001	0.000001	0.000003	0.000001	0.000001	0.000000	0.000001	0.000001	0.000006	-0.000000	-1157885.202121	58	-1157885.765528	0.991601	4.542436e-01,1.694817e-01,2.071038e-02,1.784862e-01,1.168805e-01,1.812282e-02,1.988739e-02,1.733698e-02,4.850427e-03	0.347344	0.275645	0.057819	-1350605.833325	6
5	10	s15	S1	871901	1.000000	0.000000	0.000000	0.000000	0.000000	0.000000	0.000000	0.000000	0.000000	0.000009	0.000000	0.000000	0.000005	0.000000	0.000000	0.000002	0.000000	0.000002	0.000009	-0.000000	-1159679.995615	46	-1159680.510267	0.992038	4.604241e-01,1.624933e-01,2.149848e-02,1.722827e-01,1.227965e-01,1.845153e-02,1.954111e-02,1.726604e-02,5.246221e-03	0.334208	0.298388	0.066090	-1350075.073473	6
5	11	s15	s20	873490	1.000000	0.000000	0.000000	0.000000	0.000000	0.000000	0.000000	0.000000	0.000000	0.000001	0.000001	0.000000	0.000000	0.000000	0.000000	0.000000	0.000000	0.000000	0.000001	0.000000	-1307804.422465	50	-1307804.598352	0.993846	2.405928e-01,4.037984e-01,2.525348e-05,7.993386e-02,2.334047e-01,1.672396e-04,3.710210e-03,3.799669e-02,3.709107e-04	0.016004	0.444046	0.228515	-1221282.428156	10
5	12	s15	S2	871683	1.000000	0.000000	0.000000	0.000000	0.000000	0.000000	0.000000	0.000000	0.000000	0.000005	0.000002	0.000002	0.000004	0.000002	0.000002	0.000000	0.000002	0.000002	0.000005	-0.000000	-1157131.706759	46	-1157132.218318	0.991790	4.647513e-01,1.578552e-01,2.187658e-02,1.781091e-01,1.166144e-01,1.873542e-02,1.942712e-02,1.718144e-02,5.449421e-03	0.354190	0.282233	0.056200	-1345142.303166	6
5	13	s15	s3	871821	1.000000	0.000000	0.000000	0.000000	0.000000	0.000000	0.000000	0.000000	0.000000	0.000003	0.000000	0.000000	0.000001	0.000000	0.000000	0.000000	0.000000	0.000000	0.000003	-0.000000	-1158997.457088	46	-1158997.631715	0.991947	4.609204e-01,1.625837e-01,2.097809e-02,1.779311e-01,1.167274e-01,1.881467e-02,1.983020e-02,1.723159e-02,4.982823e-03	0.349603	0.279674	0.057557	-1346966.129243	6
5	14	s15	s4	871891	1.000000	0.000000	0.000000	0.000000	0.000000	0.000000	0.000000	0.000000	0.000000	0.000002	0.000000	0.000000	0.000001	0.000000	0.000000	0.000000	0.000000	0.000000	0.000002	-0.000000	-1164315.139512	54	-1164315.288086	0.992026	4.591572e-01,1.643067e-01,2.101897e-02,1.727656e-01,1.222592e-01,1.846039e-02,2.024002e-02,1.659679e-02,5.195239e-03	0.337472	0.295749	0.064447	-1350256.306593	6
5	15	s15	s5	871660	1.000000	0.000000	0.000000	0.000000	0.000000	0.000000	0.000000	0.000000	0.000000	0.000002	0.000000	0.000000	0.000001	0.000000	0.000000	0.000000	0.000000	0.000000	0.000002	0.000000	-1163163.376550	54	-1163163.520827	0.991764	4.524445e-01,1.712404e-01,2.078052e-02,1.745381e-01,1.214020e-01,1.752706e-02,1.997478e-02,1.743829e-02,4.654448e-03	0.335706	0.288024	0.063975	-1352370.663214	6
5	16	s15	s6	871642	1.000000	0.000000	0.000000	0.000000	0.000000	0.000000	0.000000	0.000000	0.000000	0.000010	0.000000	0.000000	0.000005	0.000000	0.000000	0.000008	0.000000	0.000008	0.000010	-0.000000	-1161740.616334	54	-1161740.882297	0.991743	4.653374e-01,1.576974e-01,2.143505e-02,1.710566e-01,1.227524e-01,1.969326e-02,1.908270e-02,1.736406e-02,5.581129e-03	0.330077	0.302101	0.068241	-1347826.309128	6
5	17	s15	s7	871884	1.000000	0.000000	0.000000	0.000000	0.000000	0.000000	0.000000	0.000000	0.000000	0.000005	0.000001	0.000001	0.000003	0.000001	0.000001	0.000000	0.000001	0.000001	0.000005	-0.000000	-1155678.682864	62	-1155679.295398	0.992018	4.480095e-01,1.766108e-01,1.986126e-02,1.796993e-01,1.171374e-01,1.657923e-02,2.076005e-02,1.709639e-02,4.246068e-03	0.346783	0.272029	0.057500	-1350453.389931	6
5	18	s15	s8	871855	1.000000	0.000000	0.000000	0.000000	0.000000	0.000000	0.000000	0.000000	0.000000	0.000003	0.000000	0.000000	0.000002	0.000000	0.000000	0.000000	0.000000	0.000000	0.000003	-0.000000	-1159515.901257	58	-1159516.123971	0.991985	4.630456e-01,1.592322e-01,2.226760e-02,1.788979e-01,1.152600e-01,1.925026e-02,1.980748e-02,1.706149e-02,5.177441e-03	0.365045	0.276723	0.051424	-1348031.079520	6
5	19	s15	s9	871799	1.000000	0.000000	0.000000	0.000000	0.000000	0.000000	0.000000	0.000000	0.000000	0.000000	0.000000	0.000019	0.000000	0.000000	0.000000	0.000000	0.000000	0.000000	0.000009	-0.000009	-1169497.337406	94	-1169497.449805	0.991922	4.638333e-01,1.538403e-01,2.679074e-02,1.806886e-01,1.116918e-01,2.109787e-02,2.029759e-02,1.610056e-02,5.659230e-03	0.421592	0.266685	0.029432	-1356742.803532	6
6	7	s16	s17	871610	0.997404	0.000000	0.000000	0.002596	0.000000	0.000000	0.000000	0.000000	0.000000	0.000000	0.000000	0.002596	0.000000	0.000000	0.000000	0.000000	0.000000	0.000000	0.001298	-0.001298	-1164061.542168	82	-1	0.991707	4.738853e-01,1.594292e-01,2.989315e-02,1.640111e-01,1.050417e-01,2.162734e-02,2.356735e-02,1.624540e-02,6.299443e-03	0.508945	0.253251	-0.003289	-1358991.852289	6
6	8	s16	s18	871473	1.000000	0.000000	0.000000	0.000000	0.000000	0.000000	0.000000	0.000000	0.000000	0.000055	0.000000	0.000000	0.000027	0.000000	0.000000	0.000048	0.000000	0.000048	0.000055	0.000000	-1148026.119357	62	-1148026.376310	0.991551	4.794696e-01,1.629690e-01,2.079699e-02,1.543860e-01,1.175719e-01,1.874079e-02,2.079264e-02,1.893068e-02,6.342337e-03	0.353738	0.296438	0.058276	-1338010.542868	6
6	9	s16	s19	871320	1.000000	0.000000	0.000000	0.000000	0.000000	0.000000	0.000000	0.000000	0.000000	0.000012	0.000000	0.000000	0.000006	0.000000	0.000000	0.000011	0.000000	0.000012	0.000012	0.000000	-1143592.790277	62	-1143592.968217	0.991377	4.770734e-01,1.662787e-01,1.990862e-02,1.546580e-01,1.181158e-01,1.786984e-02,2.092912e-02,1.925885e-02,5.907729e-03	0.345743	0.296101	0.061317	-1336564.166744	6
6	10	s16	S1	871641	1.000000	0.000000	0.000000	0.000000	0.000000	0.000000	0.000000	0.000000	0.000000	0.000008	0.000000	0.000000	0.000004	0.000000	0.000000	0.000004	0.000000	0.000004	0.000008	0.000000	-1145379.036910	66	-1145379.253016	0.991742	4.763202e-01,1.664240e-01,2.051159e-02,1.553391e-01,1.166261e-01,1.872850e-02,2.064841e-02,1.947555e-02,5.926411e-03	0.352923	0.290746	0.057830	-1340042.241552	6
6	11	s16	s20	873299	1.000000	0.000000	0.000000	0.000000	0.000000	0.000000	0.000000	0.000000	0.000000	0.000000	0.000005	0.000000	0.000000	0.000000	0.000000	0.000000	0.000000	0.000000	0.000003	0.000002	-1293882.121614	70	-1293882.366676	0.993628	2.595696e-01,4.036211e-01,1.461771e-05,6.125099e-02,2.293925e-01,1.099306e-04,3.539965e-03,4.207036e-02,4.308998e-04	0.015496	0.449255	0.230146	-1206033.609860	7
6	12	s16	S2	871411	0.995998	0.000002	0.004000	0.000000	0.000000	0.000000	0.000000	0.000000	0.000000	0.004002	0.000000	0.000000	0.002001	0.000000	0.000000	0.004000	0.000000	0.004001	0.004002	0.000000	-1142835.165256	86	-1	0.991480	4.867027e-01,1.556727e-01,2.082541e-02,1.549328e-01,1.167120e-01,1.910354e-02,2.070600e-02,1.922777e-02,6.117045e-03	0.355845	0.298903	0.057781	-1331314.170296	6
6	13	s16	s3	871586	1.000000	0.000000	0.000000	0.000000	0.000000	0.000000	0.000000	0.000000	0.000000	0.000099	0.000000	0.000000	0.000050	0.000000	0.000000	0.000099	0.000000	0.000099	0.000099	0.000000	-1144894.121700	90	-1144894.576456	0.991679	4.829680e-01,1.603821e-01,1.998116e-02,1.553925e-01,1.166160e-01,1.862068e-02,2.033435e-02,1.959077e-02,6.114479e-03	0.345712	0.295753	0.061280	-1332964.918308	6
6	14	s16	s4	871628	1.000000	0.000000	0.000000	0.000000	0.000000	0.000000	0.000000	0.000000	0.000000	0.000001	0.000000	0.000000	0.000000	0.000000	0.000000	0.000000	0.000000	0.000000	0.000001	-0.000000	-1150105.078736	86	-1150105.099302	0.991727	4.759118e-01,1.675384e-01,1.987154e-02,1.556349e-01,1.163718e-01,1.862437e-02,2.063248e-02,1.922855e-02,6.186161e-03	0.348057	0.289821	0.059558	-1339579.758825	6
6	15	s16	s5	871475	1.000000	0.000000	0.000000	0.000000	0.000000	0.000000	0.000000	0.000000	0.000000	0.000003	0.000000	0.000000	0.000001	0.000000	0.000000	0.000001	0.000000	0.000001	0.000003	0.000000	-1149224.320488	62	-1149224.422201	0.991553	4.714839e-01,1.725325e-01,1.923771e-02,1.547698e-01,1.181501e-01,1.779544e-02,2.082354e-02,1.931891e-02,5.888047e-03	0.339071	0.292105	0.063304	-1340475.123737	6
6	16	s16	s6	871482	1.000000	0.000000	0.000000	0.000000	0.000000	0.000000	0.000000	0.000000	0.000000	0.000425	0.000000	0.000000	0.000212	0.000000	0.000000	0.000424	0.000000	0.000425	0.000425	0.000000	-1147787.090679	94	-1147787.474235	0.991561	4.808037e-01,1.616234e-01,2.086140e-02,1.544549e-01,1.168522e-01,1.935381e-02,2.028894e-02,1.928360e-02,6.478108e-03	0.352157	0.295181	0.058719	-1338252.203224	6
6	17	s16	s7	871726	1.000000	0.000000	0.000000	0.000000	0.000000	0.000000	0.000000	0.000000	0.000000	0.000008	0.000001	0.000001	0.000005	0.000001	0.000001	0.000000	0.000001	0.000002	0.000009	0.000000	-1141703.826032	62	-1141704.456806	0.991839	4.696470e-01,1.746746e-01,1.891429e-02,1.572722e-01,1.168403e-01,1.657101e-02,2.170303e-02,1.918826e-02,5.189396e-03	0.347631	0.286146	0.059206	-1337970.971466	6
6	18	s16	s8	871678	0.984348	0.000020	0.015632	0.000000	0.000000	0.000000	0.000000	0.000000	0.000000	0.015642	0.000000	0.000000	0.007821	0.000000	0.000000	0.015632	0.000000	0.015632	0.015642	-0.000000	-1145344.858403	70	-1	0.991784	4.885308e-01,1.544472e-01,2.031763e-02,1.533836e-01,1.174853e-01,1.979190e-02,1.986334e-02,1.963728e-02,6.542966e-03	0.342009	0.303234	0.063761	-1331189.823579	6
6	19	s16	s9	871676	1.000000	0.000000	0.000000	0.000000	0.000000	0.000000	0.000000	0.000000	0.000000	0.000023	0.000000	0.000022	0.000011	0.000000	0.000000	0.000022	0.000000	0.000023	0.000033	-0.000011	-1155539.467054	74	-1155539.724385	0.991782	4.860504e-01,1.514574e-01,2.574955e-02,1.573440e-01,1.121328e-01,2.119777e-02,2.151652e-02,1.794702e-02,6.604514e-03	0.421519	0.283728	0.030759	-1343370.764144	6
7	8	s17	s18	871786	0.997393	0.000000	0.000000	0.000000	0.000000	0.002607	0.000000	0.000000	0.000000	0.000000	0.002607	0.000000	0.000000	0.000000	0.000000	0.000000	0.000000	0.000000	0.001304	0.001304	-1170155.442726	90	-1	0.991907	4.710497e-01,1.667813e-01,2.362572e-02,1.536216e-01,1.108552e-01,1.623093e-02,2.990757e-02,2.184608e-02,6.082024e-03	0.482912	0.269057	0.006530	-1363852.541966	6
7	9	s17	s19	871618	0.997441	0.000000	0.000000	0.000000	0.000000	0.002559	0.000000	0.000000	0.000000	0.000000	0.002559	0.000000	0.000000	0.000000	0.000000	0.000000	0.000000	0.000000	0.001280	0.001280	-1165939.869771	114	-1	0.991716	4.622639e-01,1.762475e-01,2.289740e-02,1.599032e-01,1.055775e-01,1.525517e-02,3.044191e-02,2.185887e-02,5.554563e-03	0.505215	0.247484	-0.001884	-1365859.506763	6
7	10	s17	S1	872037	0.992502	0.000000	0.004711	0.000000	0.000000	0.002787	0.000000	0.000000	0.000000	0.004711	0.002787	0.000000	0.002355	0.000000	0.000000	0.004711	0.000000	0.004711	0.006104	0.001393	-1167465.362294	110	-1	0.992193	4.799707e-01,1.608619e-01,2.057582e-02,1.447736e-01,1.184145e-01,1.760164e-02,2.747538e-02,2.326515e-02,7.061271e-03	0.405788	0.300123	0.038250	-1356535.087045	6
7	11	s17	s20	873671	0.997301	0.000001	0.000128	0.000000	0.000000	0.002571	0.000000	0.000000	0.000000	0.000128	0.002571	0.000000	0.000064	0.000000	0.000000	0.000128	0.000000	0.000128	0.001413	0.001285	-1315896.207383	86	-1	0.994052	2.755976e-01,3.858948e-01,1.210222e-05,4.526609e-02,2.353304e-01,1.019244e-04,3.084577e-03,5.425824e-02,4.543456e-04	0.013159	0.481625	0.239637	-1208800.822716	9
7	12	s17	S2	871712	0.997408	0.000000	0.000000	0.000000	0.000000	0.002592	0.000000	0.000000	0.000000	0.000000	0.002592	0.000000	0.000000	0.000000	0.000000	0.000000	0.000000	0.000000	0.001296	0.001296	-1165048.487733	90	-1	0.991823	4.719815e-01,1.657904e-01,2.369577e-02,1.601571e-01,1.043092e-01,1.624336e-02,3.020392e-02,2.151013e-02,6.108578e-03	0.516730	0.249782	-0.006098	-1360991.069326	6
7	13	s17	s3	871888	0.997277	0.000000	0.000000	0.000000	0.000000	0.002722	0.000000	0.000000	0.000000	0.000000	0.002723	0.000000	0.000000	0.000000	0.000000	0.000000	0.000000	0.000000	0.001361	0.001361	-1167184.638609	106	-1	0.992023	4.676729e-01,1.705246e-01,2.329756e-02,1.603711e-01,1.044018e-01,1.588113e-02,3.062697e-02,2.166922e-02,5.554774e-03	0.516509	0.247181	-0.005972	-1363271.353621	6
7	14	s17	s4	871951	0.997429	0.000000	0.000000	0.000000	0.000000	0.002571	0.000000	0.000000	0.000000	0.000000	0.002571	0.000000	0.000000	0.000000	0.000000	0.000000	0.000000	0.000000	0.001286	0.001285	-1172223.262660	90	-1	0.992095	4.673425e-01,1.709103e-01,2.323688e-02,1.544108e-01,1.105239e-01,1.576358e-02,3.038728e-02,2.173607e-02,5.688698e-03	0.485182	0.265399	0.005610	-1365433.932701	6
7	15	s17	s5	871762	0.997331	0.000000	0.000000	0.000000	0.000000	0.002669	0.000000	0.000000	0.000000	0.000000	0.002669	0.000000	0.000000	0.000000	0.000000	0.000000	0.000000	0.000000	0.001335	0.001335	-1171462.703184	94	-1	0.991880	4.611407e-01,1.777546e-01,2.256169e-02,1.550178e-01,1.108611e-01,1.483158e-02,3.075041e-02,2.151251e-02,5.569600e-03	0.480891	0.262437	0.007171	-1367210.880542	6
7	16	s17	s6	871765	0.997507	0.000000	0.000000	0.000000	0.000000	0.002493	0.000000	0.000000	0.000000	0.000000	0.002493	0.000000	0.000000	0.000000	0.000000	0.000000	0.000000	0.000000	0.001247	0.001247	-1169777.357674	98	-1	0.991883	4.738280e-01,1.640899e-01,2.354100e-02,1.518495e-01,1.119862e-01,1.690209e-02,2.969458e-02,2.182174e-02,6.287094e-03	0.475376	0.274544	0.009531	-1363160.709846	6
7	17	s17	s7	872817	0.316181	0.078358	0.535522	0.000000	0.000000	0.069939	0.000000	0.000000	0.000000	0.574700	0.069939	0.000000	0.287350	0.000000	0.000000	0.535522	0.000000	0.535522	0.609670	0.034970	-1016406.552020	110	-1	0.993080	5.773694e-01,7.731802e-02,6.660919e-03,5.468726e-02,2.169070e-01,9.074390e-03,1.608669e-02,1.682829e-02,2.506799e-02	0.104873	1.200666	0.289683	-1148589.117765	6
7	18	s17	s8	871958	0.997355	0.000000	0.000000	0.000000	0.000000	0.002645	0.000000	0.000000	0.000000	0.000000	0.002645	0.000000	0.000000	0.000000	0.000000	0.000000	0.000000	0.000000	0.001323	0.001322	-1167543.183268	102	-1	0.992103	4.718751e-01,1.654656e-01,2.414653e-02,1.597047e-01,1.045274e-01,1.646795e-02,3.019703e-02,2.156346e-02,6.052389e-03	0.519898	0.250338	-0.007269	-1362878.494197	6
7	19	s17	s9	871893	0.992153	0.000000	0.000000	0.000000	0.000000	0.000141	0.000000	0.007704	0.000001	0.000001	0.007847	0.007706	0.000001	0.000001	0.000001	0.007704	0.000001	0.007705	0.007776	0.000071	-1177649.578350	110	-1	0.992029	4.728511e-01,1.607298e-01,2.787124e-02,1.616674e-01,9.996404e-02,1.908737e-02,3.031419e-02,2.091248e-02,6.602392e-03	0.582064	0.237680	-0.029177	-1371500.217932	6
8	9	s18	s19	871493	1.000000	0.000000	0.000000	0.000000	0.000000	0.000000	0.000000	0.000000	0.000000	0.000003	0.000000	0.000000	0.000001	0.000000	0.000000	0.000000	0.000000	0.000000	0.000003	-0.000000	-1149591.857662	82	-1149591.994838	0.991574	4.691000e-01,1.660109e-01,1.957867e-02,1.628647e-01,1.182152e-01,1.838463e-02,2.066776e-02,1.947769e-02,5.700412e-03	0.340451	0.290466	0.062540	-1344478.139610	6
8	10	s18	S1	871833	1.000000	0.000000	0.000000	0.000000	0.000000	0.000000	0.000000	0.000000	0.000000	0.001058	0.000000	0.000000	0.000529	0.000000	0.000000	0.001057	0.000000	0.001058	0.001058	0.000000	-1151489.561661	94	-1151489.577513	0.991960	4.744546e-01,1.602487e-01,1.992805e-02,1.572603e-01,1.230571e-01,1.914631e-02,2.060727e-02,1.920177e-02,6.095923e-03	0.329403	0.310443	0.069748	-1343815.950655	6
8	11	s18	s20	873491	1.000000	0.000000	0.000000	0.000000	0.000000	0.000000	0.000000	0.000000	0.000000	0.000005	0.000000	0.000002	0.000002	0.000000	0.000000	0.000001	0.000000	0.000001	0.000005	-0.000001	-1299841.357608	63	-1299842.622583	0.993847	2.573764e-01,3.972565e-01,1.831948e-05,6.352676e-02,2.357955e-01,1.198797e-04,3.457405e-03,4.202383e-02,4.253842e-04	0.014740	0.465628	0.234828	-1212034.008885	9
8	12	s18	S2	871562	1.000000	0.000000	0.000000	0.000000	0.000000	0.000000	0.000000	0.000000	0.000000	0.000415	0.000000	0.000000	0.000208	0.000000	0.000000	0.000415	0.000000	0.000415	0.000415	-0.000000	-1148996.546113	122	-1148997.073195	0.991652	4.795353e-01,1.547031e-01,2.038717e-02,1.625581e-01,1.175760e-01,1.930679e-02,2.021117e-02,1.936431e-02,6.357907e-03	0.345294	0.296512	0.061547	-1338604.594618	6
8	13	s18	s3	871802	1.000000	0.000000	0.000000	0.000000	0.000000	0.000000	0.000000	0.000000	0.000000	0.000011	0.000000	0.000000	0.000005	0.000000	0.000000	0.000005	0.000000	0.000005	0.000011	-0.000000	-1151009.591182	82	-1151009.895540	0.991925	4.745789e-01,1.599696e-01,2.012764e-02,1.632566e-01,1.173928e-01,1.874777e-02,2.086448e-02,1.921114e-02,5.851101e-03	0.349188	0.291893	0.059413	-1341646.702550	6
8	14	s18	s4	871813	1.000000	0.000000	0.000000	0.000000	0.000000	0.000000	0.000000	0.000000	0.000000	0.000037	0.000000	0.000000	0.000019	0.000000	0.000000	0.000037	0.000000	0.000037	0.000037	0.000000	-1156190.241062	110	-1156190.392430	0.991938	4.727382e-01,1.615100e-01,2.043755e-02,1.585081e-01,1.225592e-01,1.834925e-02,2.092974e-02,1.909195e-02,5.875977e-03	0.337529	0.307300	0.066090	-1344723.688070	6
8	15	s18	s5	871615	1.000000	0.000000	0.000000	0.000000	0.000000	0.000000	0.000000	0.000000	0.000000	0.000012	0.000000	0.000000	0.000006	0.000000	0.000000	0.000010	0.000000	0.000011	0.000012	0.000000	-1155411.291088	58	-1155411.508645	0.991712	4.674631e-01,1.672855e-01,1.991223e-02,1.584876e-01,1.234367e-01,1.753616e-02,2.102595e-02,1.933946e-02,5.513278e-03	0.331653	0.305849	0.068185	-1346490.339301	6
8	16	s18	s6	871662	0.985464	0.000001	0.014534	0.000000	0.000000	0.000000	0.000000	0.000000	0.000001	0.014536	0.000001	0.000001	0.007269	0.000001	0.000001	0.014534	0.000001	0.014535	0.014536	-0.000000	-1153611.051219	62	-1	0.991766	4.788993e-01,1.552407e-01,2.052299e-02,1.562221e-01,1.234953e-01,1.973086e-02,2.033758e-02,1.907809e-02,6.473073e-03	0.330867	0.315738	0.069943	-1341918.020561	6
8	17	s18	s7	871847	1.000000	0.000000	0.000000	0.000000	0.000000	0.000000	0.000000	0.000000	0.000000	0.000005	0.000000	0.000000	0.000003	0.000000	0.000000	0.000000	0.000000	0.000000	0.000005	0.000000	-1147714.664091	42	-1147715.029712	0.991976	4.614650e-01,1.741573e-01,1.905730e-02,1.653961e-01,1.174491e-01,1.657424e-02,2.174001e-02,1.911591e-02,5.045019e-03	0.347362	0.282302	0.058764	-1345938.216769	6
8	18	s18	s8	871838	1.000000	0.000000	0.000000	0.000000	0.000000	0.000000	0.000000	0.000000	0.000000	0.000071	0.000000	0.000000	0.000036	0.000000	0.000000	0.000070	0.000000	0.000070	0.000071	-0.000000	-1151431.404667	70	-1151431.816015	0.991966	4.783042e-01,1.559247e-01,2.044419e-02,1.631963e-01,1.163427e-01,1.989861e-02,2.030555e-02,1.926921e-02,6.314490e-03	0.350256	0.291557	0.058959	-1341101.359705	6
8	19	s18	s9	871863	1.000000	0.000000	0.000000	0.000000	0.000000	0.000000	0.000000	0.000000	0.000000	0.000645	0.000000	0.000000	0.000323	0.000000	0.000000	0.000645	0.000000	0.000645	0.000645	-0.000000	-1161587.411405	106	-1161587.572608	0.991995	4.812619e-01,1.484291e-01,2.495533e-02,1.630161e-01,1.147571e-01,2.166781e-02,2.054740e-02,1.843535e-02,6.929802e-03	0.396514	0.289023	0.040876	-1348660.454572	6
9	10	s19	S1	871637	1.000000	0.000000	0.000000	0.000000	0.000000	0.000000	0.000000	0.000000	0.000000	0.000007	0.000000	0.000000	0.000004	0.000000	0.000000	0.000000	0.000000	0.000001	0.000007	-0.000000	-1147223.497209	54	-1147223.973356	0.991737	4.652940e-01,1.665454e-01,2.079658e-02,1.666540e-01,1.179379e-01,1.910922e-02,2.029332e-02,1.806719e-02,5.302459e-03	0.348403	0.286629	0.058982	-1347353.634803	6
9	11	s19	s20	873397	0.944288	0.000025	0.055685	0.000000	0.000000	0.000001	0.000000	0.000002	0.000000	0.055698	0.000002	0.000002	0.027849	0.000000	0.000000	0.055687	0.000000	0.055687	0.055700	0.000000	-1293357.783106	71	-1	0.993740	2.806640e-01,3.721479e-01,2.493382e-06,4.307453e-02,2.604419e-01,8.186468e-05,3.741463e-04,4.271528e-02,4.979519e-04	0.001446	0.568159	0.265285	-1181782.594157	9
9	12	s19	S2	871375	1.000000	0.000000	0.000000	0.000000	0.000000	0.000000	0.000000	0.000000	0.000000	0.000008	0.000000	0.000000	0.000004	0.000000	0.000000	0.000000	0.000000	0.000000	0.000008	-0.000000	-1144663.725598	54	-1144664.084256	0.991439	4.755193e-01,1.563124e-01,2.080404e-02,1.671367e-01,1.171361e-01,1.941928e-02,1.964229e-02,1.822305e-02,5.806791e-03	0.345293	0.291719	0.060876	-1338445.664915	6
9	13	s19	s3	871548	1.000000	0.000000	0.000000	0.000000	0.000000	0.000000	0.000000	0.000000	0.000000	0.000016	0.000002	0.000002	0.000009	0.000002	0.000002	0.000013	0.000002	0.000015	0.000016	-0.000000	-1146515.566154	55	-1146516.309828	0.991636	4.708786e-01,1.610870e-01,2.071531e-02,1.674683e-01,1.175829e-01,1.858468e-02,2.027381e-02,1.800341e-02,5.406131e-03	0.348598	0.289518	0.059310	-1341054.913083	6
9	14	s19	s4	871601	1.000000	0.000000	0.000000	0.000000	0.000000	0.000000	0.000000	0.000000	0.000000	0.000001	0.000000	0.000000	0.000000	0.000000	0.000000	0.000000	0.000000	0.000000	0.000001	-0.000000	-1151811.460165	54	-1151811.510598	0.991696	4.639540e-01,1.679624e-01,2.082164e-02,1.678107e-01,1.172000e-01,1.860191e-02,2.042525e-02,1.797788e-02,5.246156e-03	0.351936	0.283366	0.057200	-1347526.267126	6
9	15	s19	s5	871965	0.324633	0.617674	0.057693	0.000000	0.000000	0.000000	0.000000	0.000000	0.000000	0.366530	0.000000	0.000000	0.183265	0.000000	0.000000	0.057693	0.000000	0.057693	0.366530	-0.000000	-1108851.826164	74	-1	0.992111	5.242061e-01,1.235858e-01,4.801187e-03,1.179658e-01,1.598038e-01,2.596295e-02,4.754980e-03,2.672483e-02,1.219452e-02	0.059799	0.526024	0.229196	-1259468.264712	6
9	16	s19	s6	871403	1.000000	0.000000	0.000000	0.000000	0.000000	0.000000	0.000000	0.000000	0.000000	0.000001	0.000000	0.000000	0.000001	0.000000	0.000000	0.000000	0.000000	0.000000	0.000001	-0.000000	-1149319.873756	54	-1149319.929099	0.991471	4.698232e-01,1.617334e-01,2.116802e-02,1.660420e-01,1.179003e-01,1.970187e-02,1.965009e-02,1.812454e-02,5.856558e-03	0.346209	0.290095	0.060299	-1345297.749692	6
9	17	s19	s7	871721	1.000000	0.000000	0.000000	0.000000	0.000000	0.000000	0.000000	0.000000	0.000000	0.000006	0.000001	0.000001	0.000004	0.000001	0.000001	0.000001	0.000001	0.000002	0.000006	0.000000	-1143348.015473	46	-1143348.650345	0.991833	4.588023e-01,1.745243e-01,1.936818e-02,1.686173e-01,1.183948e-01,1.661577e-02,2.112387e-02,1.785734e-02,4.696157e-03	0.342009	0.283169	0.060889	-1344533.475915	6
9	18	s19	s8	871649	1.000000	0.000000	0.000000	0.000000	0.000000	0.000000	0.000000	0.000000	0.000000	0.000011	0.000002	0.000002	0.000006	0.000002	0.000002	0.000002	0.000002	0.000004	0.000011	-0.000000	-1147121.411143	66	-1147122.029091	0.991751	4.736050e-01,1.573248e-01,2.172324e-02,1.680226e-01,1.166069e-01,1.908065e-02,2.013894e-02,1.764099e-02,5.856859e-03	0.359003	0.288680	0.055239	-1341568.981688	6
9	19	s19	s9	871615	1.000000	0.000000	0.000000	0.000000	0.000000	0.000000	0.000000	0.000000	0.000000	0.000000	0.000000	0.000088	0.000000	0.000000	0.000000	0.000000	0.000000	0.000000	0.000044	-0.000044	-1156998.614216	82	-1156999.152180	0.991712	4.757873e-01,1.512971e-01,2.557477e-02,1.685566e-01,1.132942e-01,2.181957e-02,2.055542e-02,1.696481e-02,6.150311e-03	0.407172	0.279899	0.035941	-1349493.480054	6
10	11	S1	s20	873764	0.986196	0.000006	0.013798	0.000000	0.000000	0.000000	0.000000	0.000000	0.000000	0.013801	0.000000	0.000000	0.006901	0.000000	0.000000	0.013798	0.000000	0.013798	0.013801	0.000000	-1297127.732012	70	-1	0.994157	2.696449e-01,3.826047e-01,3.118673e-06,5.292971e-02,2.495710e-01,9.573795e-05,1.811749e-03,4.288858e-02,4.505077e-04	0.007272	0.519578	0.251561	-1199671.757880	9
10	12	S1	S2	871763	1.000000	0.000000	0.000000	0.000000	0.000000	0.000000	0.000000	0.000000	0.000000	0.000011	0.000000	0.000000	0.000006	0.000000	0.000000	0.000011	0.000000	0.000011	0.000011	-0.000000	-1146588.957249	70	-1146589.149020	0.991881	4.760729e-01,1.554673e-01,2.071860e-02,1.660469e-01,1.171755e-01,1.935840e-02,2.019684e-02,1.899750e-02,5.965991e-03	0.349181	0.292365	0.059481	-1341192.316674	6
10	13	S1	s3	871957	1.000000	0.000000	0.000000	0.000000	0.000000	0.000000	0.000000	0.000000	0.000000	0.000011	0.000003	0.000003	0.000007	0.000003	0.000003	0.000002	0.000003	0.000005	0.000011	-0.000000	-1148250.828668	62	-1148251.525040	0.992101	4.715893e-01,1.600235e-01,2.070039e-02,1.664151e-01,1.177716e-01,1.833850e-02,2.070038e-02,1.881972e-02,5.641501e-03	0.351534	0.290796	0.058367	-1343509.420295	6
10	14	S1	s4	871970	1.000000	0.000000	0.000000	0.000000	0.000000	0.000000	0.000000	0.000000	0.000000	0.000095	0.000000	0.000000	0.000048	0.000000	0.000000	0.000095	0.000000	0.000095	0.000095	0.000000	-1153635.077048	90	-1153635.443859	0.992116	4.715651e-01,1.605744e-01,2.015192e-02,1.601538e-01,1.237917e-01,1.860168e-02,2.042391e-02,1.882992e-02,5.907557e-03	0.327775	0.310461	0.070393	-1345148.710399	6
10	15	S1	s5	871842	1.000000	0.000000	0.000000	0.000000	0.000000	0.000000	0.000000	0.000000	0.000000	0.000012	0.000000	0.000000	0.000006	0.000000	0.000000	0.000001	0.000000	0.000001	0.000012	0.000000	-1152636.404690	46	-1152637.016156	0.991971	4.648266e-01,1.674913e-01,1.991673e-02,1.611159e-01,1.238622e-01,1.760838e-02,2.100127e-02,1.878187e-02,5.395764e-03	0.330351	0.305143	0.068589	-1347940.927482	6
10	16	S1	s6	871791	0.997846	0.000000	0.002154	0.000000	0.000000	0.000000	0.000000	0.000000	0.000000	0.002154	0.000000	0.000000	0.001077	0.000000	0.000000	0.002154	0.000000	0.002154	0.002154	-0.000000	-1151128.541052	90	-1	0.991913	4.753835e-01,1.559653e-01,2.091349e-02,1.599650e-01,1.231475e-01,1.946665e-02,2.010312e-02,1.875659e-02,6.298834e-03	0.333069	0.311632	0.068473	-1344296.264907	6
10	17	S1	s7	872046	0.991057	0.000004	0.008939	0.000000	0.000000	0.000000	0.000000	0.000000	0.000000	0.008941	0.000000	0.000000	0.004470	0.000000	0.000000	0.008939	0.000000	0.008939	0.008941	-0.000000	-1144965.987651	90	-1	0.992203	4.734902e-01,1.630004e-01,1.582966e-02,1.569212e-01,1.269323e-01,1.863825e-02,1.814837e-02,2.084459e-02,6.195008e-03	0.267686	0.322669	0.096167	-1335643.833294	6
10	18	S1	s8	872031	0.993228	0.000003	0.006768	0.000000	0.000000	0.000000	0.000000	0.000000	0.000001	0.006771	0.000001	0.000001	0.003386	0.000001	0.000001	0.006768	0.000001	0.006769	0.006771	-0.000000	-1148839.032549	90	-1	0.992186	4.794633e-01,1.529391e-01,1.991980e-02,1.628804e-01,1.194562e-01,2.015557e-02,1.944020e-02,1.917336e-02,6.571996e-03	0.329493	0.302798	0.068572	-1339653.461680	6
10	19	S1	s9	871984	1.000000	0.000000	0.000000	0.000000	0.000000	0.000000	0.000000	0.000000	0.000000	0.000000	0.000000	0.000094	0.000000	0.000000	0.000000	0.000000	0.000000	0.000000	0.000047	-0.000047	-1158950.098034	98	-1158950.669194	0.992132	4.745569e-01,1.517660e-01,2.595730e-02,1.692319e-01,1.120092e-01,2.130755e-02,2.107060e-02,1.781277e-02,6.287738e-03	0.419858	0.275108	0.030735	-1353480.754271	6
11	12	s20	S2	873360	1.000000	0.000000	0.000000	0.000000	0.000000	0.000000	0.000000	0.000000	0.000000	0.000003	0.000000	0.000006	0.000001	0.000000	0.000000	0.000000	0.000000	0.000000	0.000006	-0.000003	-1294786.240438	58	-1294786.739441	0.993698	2.607993e-01,6.020089e-02,3.311730e-03,4.014676e-01,2.313698e-01,4.230350e-02,1.006065e-05,1.150053e-04,4.221413e-04	0.014357	0.455983	0.232437	-1205698.147271	9
11	13	s20	s3	873577	1.000000	0.000000	0.000000	0.000000	0.000000	0.000000	0.000000	0.000000	0.000000	0.000003	0.000000	0.000002	0.000002	0.000000	0.000000	0.000000	0.000000	0.000001	0.000004	-0.000001	-1296822.924165	70	-1296823.479398	0.993945	2.547461e-01,6.603517e-02,3.632818e-03,4.038689e-01,2.305236e-01,4.065294e-02,1.623884e-05,1.192670e-04,4.049789e-04	0.015829	0.448206	0.229721	-1210664.384203	9
11	14	s20	s4	873579	1.000000	0.000000	0.000000	0.000000	0.000000	0.000000	0.000000	0.000000	0.000000	0.000003	0.000000	0.000004	0.000002	0.000000	0.000002	0.000000	0.000000	0.000000	0.000004	0.000000	-1301907.646761	55	-1301908.342389	0.993947	2.519694e-01,6.874502e-02,3.690990e-03,4.002027e-01,2.342825e-01,4.056824e-02,2.990144e-05,1.127920e-04,3.984069e-04	0.015882	0.456380	0.231898	-1215770.310984	9
11	15	s20	s5	873519	0.998590	0.000002	0.001406	0.000002	0.000000	0.000000	0.000000	0.000000	0.000000	0.001407	0.000000	0.000002	0.000704	0.000000	0.000000	0.001406	0.000000	0.001406	0.001408	-0.000001	-1301199.860940	126	-1	0.993879	2.625337e-01,5.993731e-02,1.802713e-03,3.845209e-01,2.499850e-01,4.066750e-02,9.124371e-06,1.133408e-04,4.303854e-04	0.007248	0.513263	0.250060	-1204920.457305	7
11	16	s20	s6	873390	1.000000	0.000000	0.000000	0.000000	0.000000	0.000000	0.000000	0.000000	0.000000	0.000002	0.000000	0.000000	0.000001	0.000000	0.000000	0.000000	0.000000	0.000000	0.000002	-0.000000	-1299377.148422	70	-1299377.311319	0.993732	2.570092e-01,6.386259e-02,3.540871e-03,3.984661e-01,2.338381e-01,4.273942e-02,1.809035e-05,1.118146e-04,4.138005e-04	0.015220	0.459643	0.233046	-1213191.493619	9
11	17	s20	s7	873782	0.915025	0.000030	0.084944	0.000000	0.000000	0.000000	0.000000	0.000000	0.000000	0.084960	0.000000	0.000000	0.042480	0.000000	0.000000	0.084945	0.000000	0.084945	0.084960	-0.000000	-1288932.413889	82	-1	0.994178	2.846096e-01,3.921213e-02,1.724075e-04,3.640040e-01,2.715134e-01,3.992067e-02,1.219418e-06,7.794539e-05,4.887012e-04	0.000639	0.612360	0.274949	-1172546.014803	9
11	18	s20	s8	873689	1.000000	0.000000	0.000000	0.000000	0.000000	0.000000	0.000000	0.000000	0.000000	0.000002	0.000002	0.000002	0.000001	0.000001	0.000001	0.000001	0.000000	0.000001	0.000003	0.000000	-1297300.724698	59	-1297301.780891	0.994072	2.652395e-01,5.641911e-02,2.802225e-03,3.965194e-01,2.350580e-01,4.341137e-02,5.897473e-06,1.074613e-04,4.370637e-04	0.011947	0.470808	0.237376	-1203494.936942	9
11	19	s20	s9	873772	0.950199	0.000020	0.036940	0.000086	0.012755	0.000000	0.000000	0.000000	0.000000	0.046516	0.000000	0.012841	0.024852	0.000000	0.006377	0.036940	0.000000	0.036940	0.049748	-0.000043	-1306268.844165	490	-1	0.994167	2.836662e-01,3.961032e-02,1.360943e-03,3.812261e-01,2.419473e-01,5.162146e-02,5.087032e-06,6.781306e-05,4.947429e-04	0.005646	0.510554	0.250115	-1190613.933091	9
12	13	S2	s3	871703	1.000000	0.000000	0.000000	0.000000	0.000000	0.000000	0.000000	0.000000	0.000000	0.000064	0.000000	0.000000	0.000032	0.000000	0.000000	0.000064	0.000000	0.000064	0.000064	0.000000	-1145884.964200	70	-1145885.304847	0.991812	4.817441e-01,1.604366e-01,2.023335e-02,1.561345e-01,1.170125e-01,1.841066e-02,2.078285e-02,1.919213e-02,6.053294e-03	0.350528	0.296092	0.059470	-1334683.289258	6
12	14	S2	s4	871713	1.000000	0.000000	0.000000	0.000000	0.000000	0.000000	0.000000	0.000000	0.000000	0.000004	0.000000	0.000000	0.000002	0.000000	0.000000	0.000004	0.000000	0.000004	0.000004	0.000000	-1151015.324152	62	-1151015.390669	0.991824	4.753199e-01,1.668240e-01,2.018308e-02,1.560117e-01,1.171064e-01,1.852429e-02,2.092425e-02,1.912573e-02,5.980688e-03	0.351026	0.291605	0.058671	-1340917.167575	6
12	15	S2	s5	871534	1.000000	0.000000	0.000000	0.000000	0.000000	0.000000	0.000000	0.000000	0.000000	0.000006	0.000000	0.000000	0.000003	0.000000	0.000000	0.000000	0.000000	0.000000	0.000006	0.000000	-1150347.799626	46	-1150348.146349	0.991620	4.684489e-01,1.741077e-01,1.979545e-02,1.571006e-01,1.169156e-01,1.759611e-02,2.143711e-02,1.904931e-02,5.549273e-03	0.352670	0.285797	0.057257	-1343754.207577	6
12	16	S2	s6	871507	1.000000	0.000000	0.000000	0.000000	0.000000	0.000000	0.000000	0.000000	0.000000	0.000115	0.000000	0.000000	0.000058	0.000000	0.000000	0.000114	0.000000	0.000115	0.000115	0.000000	-1148639.592630	74	-1148640.094682	0.991589	4.795129e-01,1.621273e-01,2.074843e-02,1.556281e-01,1.165214e-01,1.943507e-02,2.034266e-02,1.913953e-02,6.544572e-03	0.352648	0.293194	0.058264	-1339757.357163	6
12	17	S2	s7	871833	1.000000	0.000000	0.000000	0.000000	0.000000	0.000000	0.000000	0.000000	0.000000	0.000173	0.000000	0.000000	0.000086	0.000000	0.000000	0.000172	0.000000	0.000173	0.000173	-0.000000	-1142797.979014	94	-1142798.485127	0.991960	4.760919e-01,1.689255e-01,1.728641e-02,1.524738e-01,1.216997e-01,1.746261e-02,1.998202e-02,2.013788e-02,5.940156e-03	0.306233	0.307115	0.078292	-1333616.715118	6
12	18	S2	s8	871824	0.995158	0.000008	0.004834	0.000000	0.000000	0.000000	0.000000	0.000000	0.000000	0.004838	0.000000	0.000000	0.002419	0.000000	0.000000	0.004834	0.000000	0.004834	0.004838	-0.000000	-1146608.664211	90	-1	0.991950	4.856787e-01,1.554175e-01,2.124067e-02,1.554856e-01,1.169590e-01,1.920041e-02,2.060975e-02,1.916398e-02,6.244450e-03	0.357821	0.299038	0.057028	-1334745.322664	6
12	19	S2	s9	871723	1.000000	0.000000	0.000000	0.000000	0.000000	0.000000	0.000000	0.000000	0.000000	0.000005	0.000002	0.000046	0.000003	0.000002	0.000002	0.000003	0.000002	0.000005	0.000027	-0.000022	-1156545.926021	86	-1156546.333931	0.991835	4.849358e-01,1.520652e-01,2.533078e-02,1.588897e-01,1.113135e-01,2.143624e-02,2.105287e-02,1.821137e-02,6.764650e-03	0.416694	0.280396	0.032354	-1344698.365511	6
13	14	s3	s4	872232	0.652954	0.281286	0.065760	0.000000	0.000000	0.000000	0.000000	0.000000	0.000000	0.206403	0.000000	0.000000	0.103202	0.000000	0.000000	0.065760	0.000000	0.065760	0.206403	-0.000000	-1138396.249457	62	-1	0.992414	5.088150e-01,1.383340e-01,1.151273e-02,1.321041e-01,1.413468e-01,2.319958e-02,1.127523e-02,2.344811e-02,9.964463e-03	0.161220	0.415880	0.159677	-1299691.125455	6
13	15	s3	s5	871768	1.000000	0.000000	0.000000	0.000000	0.000000	0.000000	0.000000	0.000000	0.000000	0.000003	0.000000	0.000000	0.000002	0.000000	0.000000	0.000000	0.000000	0.000000	0.000003	0.000000	-1152340.290733	74	-1152340.492912	0.991886	4.655409e-01,1.735868e-01,1.957805e-02,1.609714e-01,1.176538e-01,1.796448e-02,2.052288e-02,1.877645e-02,5.405226e-03	0.340838	0.285984	0.061740	-1344930.898009	6
13	16	s3	s6	871724	1.000000	0.000000	0.000000	0.000000	0.000000	0.000000	0.000000	0.000000	0.000000	0.000023	0.000000	0.000000	0.000011	0.000000	0.000000	0.000015	0.000000	0.000016	0.000023	-0.000000	-1150674.294292	54	-1150674.735282	0.991836	4.759990e-01,1.618329e-01,2.089642e-02,1.594070e-01,1.175159e-01,1.965679e-02,2.015300e-02,1.841249e-02,6.126531e-03	0.349310	0.293527	0.059590	-1341734.338453	6
13	17	s3	s7	871966	1.000000	0.000000	0.000000	0.000000	0.000000	0.000000	0.000000	0.000000	0.000000	0.000005	0.000001	0.000001	0.000003	0.000001	0.000001	0.000000	0.000001	0.000001	0.000005	0.000000	-1144654.573223	62	-1144655.017388	0.992112	4.641101e-01,1.753191e-01,1.923403e-02,1.626997e-01,1.170132e-01,1.689614e-02,2.177723e-02,1.838852e-02,4.561868e-03	0.350484	0.282426	0.057614	-1342020.900728	6
13	18	s3	s8	871926	1.000000	0.000000	0.000000	0.000000	0.000000	0.000000	0.000000	0.000000	0.000000	0.000113	0.000000	0.000000	0.000057	0.000000	0.000000	0.000107	0.000000	0.000107	0.000113	-0.000000	-1148266.022230	62	-1148266.651168	0.992066	4.817654e-01,1.558324e-01,2.110549e-02,1.600691e-01,1.170865e-01,1.943970e-02,1.999549e-02,1.859725e-02,6.108693e-03	0.351031	0.296392	0.059316	-1336280.552466	6
13	19	s3	s9	871929	1.000000	0.000000	0.000000	0.000000	0.000000	0.000000	0.000000	0.000000	0.000000	0.000139	0.000000	0.000049	0.000070	0.000000	0.000000	0.000139	0.000000	0.000139	0.000164	-0.000024	-1158453.650074	94	-1158454.289929	0.992070	4.837088e-01,1.498265e-01,2.513816e-02,1.605375e-01,1.144016e-01,2.168281e-02,2.067645e-02,1.732813e-02,6.700007e-03	0.400472	0.289485	0.039386	-1344603.558501	6
14	15	s4	s5	871762	1.000000	0.000000	0.000000	0.000000	0.000000	0.000000	0.000000	0.000000	0.000000	0.000008	0.000001	0.000001	0.000004	0.000001	0.000001	0.000001	0.000001	0.000002	0.000008	0.000000	-1157498.960130	70	-1157499.424534	0.991880	4.632526e-01,1.693135e-01,1.961897e-02,1.630533e-01,1.221003e-01,1.798281e-02,2.072654e-02,1.863733e-02,5.314560e-03	0.330429	0.298291	0.067531	-1348482.000635	6
14	16	s4	s6	871771	1.000000	0.000000	0.000000	0.000000	0.000000	0.000000	0.000000	0.000000	0.000000	0.000611	0.000000	0.000000	0.000306	0.000000	0.000000	0.000610	0.000000	0.000610	0.000611	0.000000	-1155741.242695	86	-1155741.346942	0.991890	4.746165e-01,1.562239e-01,2.129244e-02,1.605499e-01,1.232050e-01,1.944304e-02,2.033829e-02,1.836300e-02,5.967876e-03	0.337898	0.310958	0.066463	-1344553.707815	6
14	17	s4	s7	871945	1.000000	0.000000	0.000000	0.000000	0.000000	0.000000	0.000000	0.000000	0.000000	0.000005	0.000002	0.000002	0.000004	0.000002	0.000002	0.000000	0.000002	0.000002	0.000005	0.000000	-1149688.226827	46	-1149688.814567	0.992088	4.583334e-01,1.746174e-01,1.927829e-02,1.688893e-01,1.176824e-01,1.653144e-02,2.141242e-02,1.839753e-02,4.857848e-03	0.345767	0.280780	0.059141	-1347103.531635	6
14	18	s4	s8	871940	1.000000	0.000000	0.000000	0.000000	0.000000	0.000000	0.000000	0.000000	0.000000	0.000027	0.000001	0.000001	0.000014	0.000001	0.000001	0.000018	0.000001	0.000019	0.000027	-0.000000	-1153493.582679	58	-1153494.291446	0.992082	4.740486e-01,1.569436e-01,2.127610e-02,1.677303e-01,1.159829e-01,1.938441e-02,2.008180e-02,1.857552e-02,5.976808e-03	0.356586	0.287092	0.055949	-1343389.788597	6
14	19	s4	s9	871917	1.000000	0.000000	0.000000	0.000000	0.000000	0.000000	0.000000	0.000000	0.000000	0.000000	0.000000	0.000023	0.000000	0.000000	0.000000	0.000000	0.000000	0.000000	0.000011	-0.000011	-1163391.606317	98	-1163391.745754	0.992056	4.753754e-01,1.515619e-01,2.530512e-02,1.686743e-01,1.125166e-01,2.188091e-02,2.085356e-02,1.749672e-02,6.335494e-03	0.410239	0.277290	0.034549	-1352014.017327	6
15	16	s5	s6	871616	1.000000	0.000000	0.000000	0.000000	0.000000	0.000000	0.000000	0.000000	0.000000	0.000013	0.000001	0.000001	0.000007	0.000000	0.000000	0.000007	0.000000	0.000007	0.000013	0.000000	-1155045.008949	94	-1155045.450133	0.991713	4.680592e-01,1.575961e-01,2.135281e-02,1.679311e-01,1.225154e-01,1.964374e-02,1.950177e-02,1.771534e-02,5.684545e-03	0.333465	0.303451	0.067125	-1347079.805537	7
15	17	s5	s7	871816	1.000000	0.000000	0.000000	0.000000	0.000000	0.000000	0.000000	0.000000	0.000000	0.000006	0.000003	0.000003	0.000004	0.000003	0.000003	0.000000	0.000003	0.000003	0.000006	0.000000	-1148965.039183	59	-1148965.818568	0.991941	4.522208e-01,1.751427e-01,1.964844e-02,1.755844e-01,1.181047e-01,1.635060e-02,2.079683e-02,1.748948e-02,4.662036e-03	0.342453	0.277885	0.059948	-1348935.449665	6
15	18	s5	s8	871821	1.000000	0.000000	0.000000	0.000000	0.000000	0.000000	0.000000	0.000000	0.000000	0.000008	0.000001	0.000001	0.000004	0.000001	0.000001	0.000004	0.000001	0.000004	0.000008	-0.000000	-1152838.669414	66	-1152839.058726	0.991947	4.687228e-01,1.570360e-01,2.129259e-02,1.734640e-01,1.167343e-01,1.984455e-02,1.967239e-02,1.772745e-02,5.505948e-03	0.350925	0.285388	0.057859	-1345283.920887	6
15	19	s5	s9	871795	1.000000	0.000000	0.000000	0.000000	0.000000	0.000000	0.000000	0.000000	0.000000	0.000000	0.000000	0.000035	0.000000	0.000000	0.000000	0.000000	0.000000	0.000000	0.000018	-0.000017	-1162908.171433	78	-1162908.383926	0.991917	4.691028e-01,1.518700e-01,2.603806e-02,1.757457e-01,1.129898e-01,2.130872e-02,2.009492e-02,1.668560e-02,6.164406e-03	0.408293	0.274418	0.035031	-1354424.127073	6
16	17	s6	s7	871794	1.000000	0.000000	0.000000	0.000000	0.000000	0.000000	0.000000	0.000000	0.000000	0.000006	0.000001	0.000001	0.000003	0.000001	0.000001	0.000000	0.000001	0.000001	0.000006	0.000000	-1147307.115567	54	-1147307.574917	0.991916	4.626698e-01,1.739599e-01,1.890383e-02,1.638056e-01,1.174571e-01,1.647948e-02,2.211507e-02,1.934818e-02,5.260958e-03	0.349224	0.283294	0.058207	-1346303.425078	6
16	18	s6	s8	871755	1.000000	0.000000	0.000000	0.000000	0.000000	0.000000	0.000000	0.000000	0.000000	0.000084	0.000000	0.000000	0.000042	0.000000	0.000000	0.000084	0.000000	0.000084	0.000084	0.000000	-1151214.605610	102	-1151214.857363	0.991872	4.791925e-01,1.555226e-01,2.083838e-02,1.618078e-01,1.166049e-01,1.937129e-02,2.079361e-02,1.942093e-02,6.447898e-03	0.357035	0.293158	0.056574	-1341937.080036	6
16	19	s6	s9	871744	1.000000	0.000000	0.000000	0.000000	0.000000	0.000000	0.000000	0.000000	0.000000	0.000001	0.000001	0.000055	0.000001	0.000001	0.000001	0.000000	0.000001	0.000001	0.000028	-0.000027	-1161247.667199	70	-1161248.103193	0.991859	4.787312e-01,1.514218e-01,2.539833e-02,1.641071e-01,1.120906e-01,2.157521e-02,2.204916e-02,1.809327e-02,6.533248e-03	0.423296	0.278386	0.029679	-1352158.048670	6
17	18	s7	s8	872050	1.000000	0.000000	0.000000	0.000000	0.000000	0.000000	0.000000	0.000000	0.000000	0.000001	0.000000	0.000000	0.000001	0.000000	0.000000	0.000000	0.000000	0.000000	0.000001	0.000000	-1145035.795746	58	-1145035.883086	0.992207	4.677400e-01,1.583321e-01,2.251686e-02,1.746881e-01,1.168289e-01,1.925518e-02,1.934777e-02,1.638632e-02,4.904901e-03	0.358341	0.284583	0.054954	-1341842.349398	6
17	19	s7	s9	872007	1.000000	0.000000	0.000000	0.000000	0.000000	0.000000	0.000000	0.000000	0.000000	0.000000	0.000000	0.000080	0.000000	0.000000	0.000000	0.000000	0.000000	0.000000	0.000040	-0.000040	-1155232.767514	94	-1155233.244442	0.992158	4.698530e-01,1.527375e-01,2.596667e-02,1.758680e-01,1.129239e-01,2.197867e-02,1.915389e-02,1.591772e-02,5.600739e-03	0.399566	0.274339	0.038293	-1349724.554077	6
18	19	s8	s9	871979	1.000000	0.000000	0.000000	0.000000	0.000000	0.000000	0.000000	0.000000	0.000000	0.000002	0.000001	0.000083	0.000001	0.000001	0.000001	0.000001	0.000001	0.000002	0.000043	-0.000041	-1158968.672958	66	-1158969.210618	0.992127	4.842263e-01,1.521964e-01,2.533593e-02,1.591498e-01,1.110186e-01,2.138641e-02,2.149959e-02,1.839153e-02,6.795418e-03	0.421871	0.278969	0.030266	-1346879.366566	6
