a	b	ida	idb	nSites	J9	J8	J7	J6	J5	J4	J3	J2	J1	rab	Fa	Fb	theta	inbred_relatedness_1_2	inbred_relatedness_2_1	fraternity	identity	zygosity	2of3_IDB	F_diff_a_b	loglh	nIter	bestoptimll	coverage	2dsfs	R0	R1	KING	2dsfs_loglike	2dsfsf_niter
0	1	s10	s11	757888	0.647423	0	0	0	0	0.35256	0	0.000016	0	0.000001	0.352576	0.000016	0	0	0	0.000016	0	0.000016	0.176297	0.17628	-1035823.007	102	-1	0.989827	"4.825941e-01,1.695512e-01,2.549960e-02,1.273824e-01,6.750503e-02,7.203099e-04,7.888987e-02,3.895392e-02,8.903567e-03"	1.546396	0.153074	-0.299552	-1190984.222	9
0	2	s10	s12	758441	0.647751	0	0.000001	0	0	0.352247	0.000001	0.000001	0	0.000002	0.352248	0.000001	0.000001	0	0	0.000002	0	0.000002	0.176126	0.176123	-1039340.071	86	-1	0.99055	"4.807016e-01,1.701312e-01,2.630583e-02,1.283915e-01,6.682640e-02,6.777771e-04,7.892475e-02,3.893222e-02,9.108739e-03"	1.574686	0.150726	-0.304449	-1194132.179	7
0	3	s10	s13	757849	0.647509	0	0	0	0	0.352491	0	0	0	0	0.352491	0	0	0	0	0	0	0	0.176246	0.176245	-1039831.052	114	-1	0.989776	"4.801374e-01,1.716380e-01,2.579368e-02,1.267715e-01,6.828103e-02,6.174430e-04,7.783132e-02,3.989114e-02,9.038523e-03"	1.517625	0.154292	-0.292271	-1193685.486	7
0	4	s10	s14	758041	0.149278	0.000002	0.498904	0	0	0.000008	0	0.023092	0.328717	0.827621	0.351817	0.351809	0.578169	0.328717	0.328717	0.521995	0.328717	0.850712	0.850717	0.000004	-786561.4654	118	-1	0.990027	"6.393410e-01,2.797066e-02,7.164636e-03,2.572493e-02,1.715650e-01,8.076641e-04,7.442080e-03,6.046478e-04,1.193793e-01"	0.085138	2.460962	0.357454	-871929.7379	10
0	5	s10	s15	756884	0.230616	0	0.300448	0.000001	0	0	0	0.468936	0	0.300448	0.468936	0.468936	0.150224	0	0	0.769384	0	0.769384	0.769384	0	-1009349.03	86	-1	0.988516	"5.387817e-01,3.576178e-02,1.002858e-01,4.059624e-02,1.560888e-01,9.913029e-04,1.006617e-01,7.200786e-04,2.611263e-02"	1.287392	0.559424	-0.629873	-1108375.535	10
0	6	s10	s16	758460	0.647819	0	0	0	0	0.352155	0.000001	0.000025	0	0.000001	0.35218	0.000025	0	0	0	0.000025	0	0.000025	0.176103	0.176077	-1039319.153	55	-1	0.990574	"4.806296e-01,1.719278e-01,2.458080e-02,1.272138e-01,6.793546e-02,7.284657e-04,7.741234e-02,4.063505e-02,8.936739e-03"	1.501324	0.153527	-0.285595	-1193570.334	7
0	7	s10	s17	757082	0.235572	0.000002	0.296705	0.000004	0	0.000003	0	0.467714	0	0.296706	0.467717	0.467718	0.148353	0	0	0.764419	0	0.764419	0.764423	-0.000001	-1022482.899	54	-1	0.988775	"5.271866e-01,4.143365e-02,1.056890e-01,3.674361e-02,1.604850e-01,8.865321e-04,1.023327e-01,7.237973e-04,2.451913e-02"	1.296206	0.557609	-0.637688	-1118668.38	9
0	8	s10	s18	756819	0.229113	0	0.310762	0	0	0	0	0.460125	0	0.310762	0.460125	0.460125	0.155381	0	0	0.770886	0	0.770886	0.770887	0	-1012725.57	42	-1	0.988431	"5.354729e-01,3.989250e-02,9.907014e-02,3.633368e-02,1.606649e-01,9.723267e-04,9.959386e-02,8.011996e-04,2.719842e-02"	1.236511	0.580723	-0.592651	-1111350.669	10
0	9	s10	s19	757667	0.647486	0	0	0	0	0.352513	0	0	0	0	0.352514	0	0	0	0	0	0	0	0.176257	0.176257	-1040520.251	50	-1	0.989539	"4.730933e-01,1.797273e-01,2.477413e-02,1.262931e-01,6.878703e-02,5.787143e-04,7.823490e-02,3.989687e-02,8.614677e-03"	1.497507	0.153028	-0.283494	-1196669.538	7
0	10	s10	S1	757233	0.229484	0	0.29957	0.000005	0	0.000006	0	0.470935	0	0.29957	0.470941	0.47094	0.149785	0	0	0.770505	0	0.770505	0.770511	0.000001	-1019566.458	91	-1	0.988972	"5.323085e-01,3.789927e-02,1.044464e-01,3.850133e-02,1.584144e-01,9.290352e-04,1.008450e-01,8.092319e-04,2.584688e-02"	1.295914	0.558918	-0.638453	-1114471.386	10
0	11	s10	s20	759300	0.695024	0	0	0	0	0.120672	0.184304	0	0	0.138228	0.304975	0	0.092152	0.092152	0	0	0	0	0.24464	0.060336	-1167949.028	66	-1	0.991671	"2.894197e-01,3.881057e-01,2.072452e-06,5.448489e-02,1.413027e-01,2.497091e-05,4.100664e-03,1.221735e-01,3.858270e-04"	0.029035	0.248382	0.157066	-1097384.65	9
0	12	s10	S2	758503	0.647639	0	0	0	0	0.352351	0.000001	0.000009	0	0.000001	0.35236	0.000009	0	0	0	0.000009	0	0.000009	0.176185	0.176175	-1039590.545	82	-1	0.990631	"4.801562e-01,1.711605e-01,2.586410e-02,1.278018e-01,6.746327e-02,5.702861e-04,7.852725e-02,3.947125e-02,8.985316e-03"	1.54738	0.152152	-0.298186	-1194153.327	9
0	13	s10	s3	758528	0.64778	0	0	0	0	0.352196	0	0.000024	0	0	0.35222	0.000024	0	0	0	0.000024	0	0.000024	0.176122	0.176098	-1040811.933	98	-1	0.990663	"4.768472e-01,1.739428e-01,2.635402e-02,1.274232e-01,6.786996e-02,6.104304e-04,7.866702e-02,3.965858e-02,8.626850e-03"	1.547386	0.151951	-0.297821	-1197158.856	7
0	14	s10	s4	757410	0.231307	0	0.300401	0.000003	0	0	0	0.468289	0	0.300401	0.46829	0.468292	0.150201	0	0	0.76869	0	0.76869	0.768692	-0.000001	-1014451.218	98	-1	0.989203	"5.359524e-01,3.715267e-02,1.016259e-01,3.954509e-02,1.572915e-01,9.971340e-04,1.005082e-01,7.887392e-04,2.613845e-02"	1.285092	0.560519	-0.628333	-1111946.382	10
0	15	s10	s5	757069	0.230627	0.000001	0.304224	0.000002	0	0.000002	0	0.465143	0	0.304225	0.465145	0.465146	0.152112	0	0	0.769368	0	0.769368	0.76937	0	-1016949.417	42	-1	0.988758	"5.341060e-01,3.900935e-02,1.014549e-01,3.773039e-02,1.593225e-01,9.372289e-04,1.003103e-01,7.585576e-04,2.637079e-02"	1.266395	0.568601	-0.615008	-1113509.566	10
0	16	s10	s6	757192	0.229712	0.000001	0.304648	0	0	0	0	0.465639	0	0.304648	0.465639	0.465639	0.152324	0	0	0.770287	0	0.770287	0.770287	0	-1014606.082	46	-1	0.988918	"5.342440e-01,3.880054e-02,1.014265e-01,3.711814e-02,1.599768e-01,9.760865e-04,1.012642e-01,8.443846e-04,2.534924e-02"	1.267001	0.57047	-0.617071	-1111885.781	10
0	17	s10	s7	758000	0.64744	0	0	0	0.000002	0.352554	0	0.000005	0	0.000002	0.352559	0.000007	0.000001	0	0.000001	0.000005	0	0.000005	0.176284	0.176277	-1040016.779	50	-1	0.989974	"4.641660e-01,1.892253e-01,2.419491e-02,1.256608e-01,6.943570e-02,5.700932e-04,8.006925e-02,3.910497e-02,7.573027e-03"	1.501593	0.151334	-0.281888	-1200621.781	7
0	18	s10	s8	758539	0.647699	0	0.000001	0	0	0.352292	0	0.000008	0	0.000001	0.3523	0.000008	0	0	0	0.000008	0	0.000008	0.176154	0.176146	-1038942.459	90	-1	0.990678	"4.781481e-01,1.742586e-01,2.471882e-02,1.299469e-01,6.522777e-02,7.098940e-04,7.805700e-02,4.004411e-02,8.888659e-03"	1.575645	0.145684	-0.295161	-1193954.046	7
0	19	s10	s9	757797	0.647266	0	0	0	0	0.352727	0	0.000006	0	0.000001	0.352733	0.000006	0.000001	0	0	0.000006	0	0.000007	0.17637	0.176363	-1042680.512	34	-1	0.989708	"4.743259e-01,1.782616e-01,2.508100e-02,1.275653e-01,6.735443e-02,6.696314e-04,7.804298e-02,3.989927e-02,8.799949e-03"	1.531064	0.149836	-0.288697	-1196299.294	7
1	2	s11	s12	760299	0.855478	0.000015	0.144506	0	0	0	0	0	0.000001	0.144514	0.000001	0.000001	0.072258	0.000001	0.000001	0.144506	0.000001	0.144507	0.144515	0	-946328.1645	54	-1	0.992976	"5.432303e-01,1.299570e-01,1.566878e-02,1.295034e-01,1.315849e-01,1.497890e-02,1.511153e-02,1.455372e-02,5.411544e-03"	0.23392	0.411494	0.126818	-1074046.203	6
1	3	s11	s13	760242	0.861289	0.000028	0.138682	0	0	0	0	0	0	0.138696	0	0	0.069348	0	0	0.138682	0	0.138682	0.138697	0	-948594.9275	54	-1	0.992902	"5.404327e-01,1.326776e-01,1.571515e-02,1.290336e-01,1.323891e-01,1.468400e-02,1.529867e-02,1.476337e-02,5.005737e-03"	0.234263	0.410926	0.126564	-1076287.889	6
1	4	s11	s14	758381	0.652123	0	0	0.347874	0	0	0	0.000002	0	0	0.000002	0.347876	0	0	0	0.000002	0	0.000002	0.173939	-0.173937	-1039727.982	102	-1	0.990471	"4.792916e-01,1.304426e-01,7.912877e-02,1.700017e-01,6.683610e-02,3.915632e-02,2.566516e-02,6.466547e-04,8.831042e-03"	1.567924	0.15018	-0.301215	-1194449.144	7
1	5	s11	s15	758240	0.620071	0	0	0.379914	0	0	0	0.000013	0.000003	0.000003	0.000016	0.379929	0.000003	0.000003	0.000003	0.000013	0.000003	0.000016	0.189972	-0.189957	-1047401.4	50	-1	0.990287	"4.917477e-01,1.238870e-01,7.321745e-02,1.670082e-01,6.601312e-02,4.303828e-02,2.396275e-02,6.282506e-04,1.049718e-02"	1.472135	0.152899	-0.275076	-1184493.76	7
1	6	s11	s16	760329	0.860338	0.000068	0.139594	0	0	0	0	0	0	0.139628	0	0	0.069814	0	0	0.139594	0	0.139594	0.139628	0	-946773.3244	94	-1	0.993015	"5.403970e-01,1.336408e-01,1.480986e-02,1.296442e-01,1.323081e-01,1.412637e-02,1.498275e-02,1.480258e-02,5.288389e-03"	0.225176	0.410886	0.130602	-1074612.037	6
1	7	s11	s17	758415	0.638715	0	0	0.361283	0	0	0	0.000002	0	0	0.000002	0.361285	0	0	0	0.000002	0	0.000002	0.180644	-0.180642	-1061477.54	94	-1	0.990516	"4.773684e-01,1.323688e-01,7.909994e-02,1.665728e-01,6.793374e-02,4.155835e-02,2.456829e-02,6.147622e-04,9.914943e-03"	1.52602	0.152735	-0.29226	-1199484.785	9
1	8	s11	s18	758187	0.641681	0	0	0.358314	0.000001	0	0	0.000003	0.000001	0.000002	0.000003	0.358319	0.000001	0.000001	0.000001	0.000003	0.000001	0.000004	0.179162	-0.179157	-1054806.421	46	-1	0.990218	"4.860871e-01,1.303929e-01,7.238014e-02,1.642954e-01,6.847242e-02,4.323909e-02,2.345123e-02,6.008999e-04,1.108090e-02"	1.399562	0.15764	-0.25909	-1191389.248	9
1	9	s11	s19	759996	0.873501	0.000013	0.126485	0	0	0	0	0	0	0.126492	0	0	0.063246	0	0	0.126485	0	0.126485	0.126492	0	-950214.4806	62	-1	0.99258	"5.340411e-01,1.398161e-01,1.501336e-02,1.284158e-01,1.336290e-01,1.402325e-02,1.516651e-02,1.501288e-02,4.882052e-03"	0.225848	0.408092	0.129789	-1080155.391	6
1	10	s11	S1	758563	0.620755	0	0	0.379236	0	0	0	0.000007	0.000002	0.000002	0.000009	0.379245	0.000002	0.000002	0.000002	0.000007	0.000002	0.000009	0.189627	-0.189618	-1059961.427	50	-1	0.990709	"4.827526e-01,1.266844e-01,7.937481e-02,1.667224e-01,6.778599e-02,4.157549e-02,2.444203e-02,6.067280e-04,1.005560e-02"	1.531538	0.154267	-0.296815	-1194730.788	9
1	11	s11	s20	761091	1	0	0	0	0	0	0	0	0	0	0.000011	0	0	0	0	0	0	0	0.000006	0.000006	-1089481.96	62	-1089482.485	0.994011	"2.873942e-01,4.015550e-01,1.277580e-05,5.832513e-02,2.175173e-01,8.779286e-05,3.351063e-03,3.146427e-02,2.923830e-04"	0.015465	0.43961	0.22752	-1027132.721	9
1	12	s11	S2	760366	0.863634	0.000049	0.136313	0.000002	0	0.000002	0	0	0	0.136338	0.000002	0.000002	0.068169	0	0	0.136313	0	0.136313	0.13634	0	-947516.1354	182	-1	0.993064	"5.409103e-01,1.319206e-01,1.600214e-02,1.299760e-01,1.316034e-01,1.451488e-02,1.528964e-02,1.486793e-02,4.915055e-03"	0.237773	0.407982	0.124475	-1076226.178	7
1	13	s11	s3	760352	0.862237	0.000018	0.137744	0	0	0	0	0	0	0.137753	0	0.000001	0.068877	0	0	0.137744	0	0.137744	0.137754	0	-948427.0945	58	-1	0.993045	"5.391984e-01,1.339574e-01,1.565197e-02,1.280760e-01,1.331323e-01,1.487722e-02,1.542798e-02,1.466090e-02,5.017864e-03"	0.233452	0.412619	0.127228	-1077961.568	6
1	14	s11	s4	758691	0.622131	0.000001	0	0.377834	0.000006	0.000001	0	0.000026	0	0.000005	0.000027	0.377867	0.000004	0	0.000003	0.000026	0	0.000026	0.18895	-0.188917	-1053062.822	86	-1	0.990876	"4.901332e-01,1.248134e-01,7.383550e-02,1.649354e-01,6.763845e-02,4.355664e-02,2.344186e-02,6.196915e-04,1.102591e-02"	1.438196	0.15686	-0.270494	-1188194.866	7
1	15	s11	s5	758199	0.631148	0	0.000001	0.36885	0.000001	0	0	0.000001	0	0.000001	0.000001	0.368851	0.000001	0	0.000001	0.000001	0	0.000001	0.184427	-0.184425	-1057085.632	62	-1	0.990233	"4.853735e-01,1.288832e-01,7.460288e-02,1.651724e-01,6.756236e-02,4.334265e-02,2.387570e-02,6.088019e-04,1.057850e-02"	1.457595	0.154787	-0.273486	-1192087.048	7
1	16	s11	s6	758435	0.635008	0	0	0.364985	0	0	0	0.000006	0	0	0.000006	0.364992	0	0	0	0.000006	0	0.000006	0.182499	-0.182493	-1055161.112	62	-1	0.990542	"4.865114e-01,1.285268e-01,7.384315e-02,1.647762e-01,6.844639e-02,4.283039e-02,2.373347e-02,5.744656e-04,1.075778e-02"	1.425592	0.157607	-0.267539	-1191354.525	7
1	17	s11	s7	760548	0.905524	0.000035	0.094441	0	0	0	0	0	0	0.094458	0	0	0.047229	0	0	0.094441	0	0.094441	0.094458	0	-952571.7778	58	-1	0.993301	"5.239594e-01,1.500805e-01,1.477087e-02,1.301016e-01,1.328053e-01,1.318412e-02,1.593500e-02,1.482642e-02,4.336814e-03"	0.23121	0.391873	0.124422	-1088796.343	6
1	18	s11	s8	760447	0.879613	0.000072	0.120315	0	0	0	0	0	0	0.120351	0	0	0.060176	0	0	0.120315	0	0.120315	0.120351	0	-948059.2029	66	-1	0.993169	"5.373871e-01,1.359696e-01,1.548144e-02,1.324202e-01,1.294353e-01,1.417277e-02,1.601410e-02,1.445967e-02,4.659880e-03"	0.24333	0.393998	0.119527	-1078496.026	6
1	19	s11	s9	760208	0.863101	0.000044	0.136855	0	0	0	0	0	0	0.136877	0	0	0.068438	0	0	0.136855	0	0.136855	0.136877	0	-951723.0715	54	-1	0.992857	"5.369105e-01,1.372148e-01,1.478082e-02,1.278338e-01,1.335700e-01,1.463096e-02,1.508699e-02,1.488322e-02,5.088920e-03"	0.223612	0.411706	0.131447	-1078341.848	6
2	3	s12	s13	760250	0.867584	0.000028	0.132387	0	0	0	0	0	0	0.132402	0	0	0.066201	0	0	0.132387	0	0.132387	0.132402	0	-951385.5384	106	-1	0.992912	"5.382391e-01,1.335377e-01,1.605838e-02,1.300409e-01,1.318099e-01,1.426590e-02,1.648873e-02,1.448526e-02,5.074175e-03"	0.246925	0.405723	0.120003	-1079863.859	6
2	4	s12	s14	759008	0.652248	0	0	0.347746	0	0	0	0.000006	0	0	0.000006	0.347752	0	0	0	0.000006	0	0.000006	0.173879	-0.173873	-1043396.342	106	-1	0.99129	"4.768575e-01,1.314971e-01,7.964779e-02,1.710087e-01,6.602963e-02,3.885726e-02,2.659261e-02,6.387071e-04,8.870670e-03"	1.608981	0.147308	-0.308929	-1197944.593	7
2	5	s12	s15	758818	0.620243	0	0	0.379741	0	0	0	0.000015	0	0	0.000016	0.379757	0	0	0	0.000015	0	0.000016	0.189886	-0.189871	-1050700.049	66	-1	0.991042	"4.916972e-01,1.230510e-01,7.331468e-02,1.657460e-01,6.698680e-02,4.313979e-02,2.482295e-02,6.737905e-04,1.056779e-02"	1.465029	0.155513	-0.277096	-1187133.907	7
2	6	s12	s16	761159	0.855714	0.000001	0.144285	0	0	0	0	0	0	0.144285	0	0	0.072143	0	0	0.144285	0	0.144285	0.144285	0	-949696.1118	74	-1	0.994099	"5.409287e-01,1.324560e-01,1.475269e-02,1.285455e-01,1.328719e-01,1.437942e-02,1.577548e-02,1.514895e-02,5.141392e-03"	0.229756	0.413856	0.129101	-1076688.439	6
2	7	s12	s17	758947	0.638962	0	0	0.361028	0	0.000004	0	0.000001	0.000005	0.000005	0.00001	0.361033	0.000005	0.000005	0.000005	0.000001	0.000005	0.000005	0.180522	-0.180512	-1064910.91	54	-1	0.99121	"4.756143e-01,1.336182e-01,7.896643e-02,1.671941e-01,6.692525e-02,4.163952e-02,2.520497e-02,6.308023e-04,1.020635e-02"	1.556533	0.149636	-0.296514	-1202492.797	7
2	8	s12	s18	758736	0.641928	0	0.000002	0.35803	0	0	0.000001	0.000036	0.000003	0.000006	0.00004	0.358069	0.000004	0.000003	0.000003	0.000038	0.000003	0.000041	0.179057	-0.179015	-1058259.224	50	-1	0.990935	"4.842599e-01,1.312009e-01,7.265748e-02,1.651512e-01,6.775286e-02,4.291895e-02,2.400846e-02,7.228461e-04,1.132742e-02"	1.426743	0.155162	-0.264099	-1194757.316	9
2	9	s12	s19	759976	0.87241	0.000059	0.127531	0	0	0	0	0	0	0.127561	0	0	0.06378	0	0	0.127531	0	0.127531	0.127561	0	-952311.3818	62	-1	0.992554	"5.335219e-01,1.396942e-01,1.467680e-02,1.282670e-01,1.336581e-01,1.414943e-02,1.588471e-02,1.507276e-02,5.075110e-03"	0.228654	0.407812	0.128495	-1081907.311	6
2	10	s12	S1	759299	0.621716	0	0	0.378275	0	0	0	0.000008	0	0	0.000009	0.378284	0	0	0	0.000008	0	0.000009	0.189146	-0.189138	-1063338.767	62	-1	0.99167	"4.830969e-01,1.276154e-01,7.744683e-02,1.656853e-01,6.715588e-02,4.292301e-02,2.494741e-02,6.551337e-04,1.047410e-02"	1.524725	0.15288	-0.292095	-1197176.481	7
2	11	s12	s20	761860	1	0	0	0	0	0	0	0	0	0.000002	0.000014	0	0.000001	0.000001	0	0	0	0	0.000009	0.000006	-1092767.924	63	-1092768.647	0.995015	"2.871472e-01,4.011418e-01,6.962219e-06,5.812006e-02,2.174304e-01,8.904440e-05,3.817310e-03,3.196907e-02,2.781964e-04"	0.017588	0.439125	0.226502	-1029997.433	10
2	12	s12	S2	761211	0.871934	0.000071	0.127994	0	0	0	0	0	0	0.12803	0	0	0.064015	0	0	0.127994	0	0.127995	0.12803	0	-951767.9667	66	-1	0.994167	"5.394103e-01,1.327182e-01,1.597875e-02,1.311540e-01,1.300923e-01,1.463171e-02,1.590600e-02,1.529992e-02,4.808804e-03"	0.245093	0.399438	0.119719	-1080339.272	6
2	13	s12	s3	761208	0.863677	0	0.136313	0.000001	0.000003	0	0.000002	0.000001	0.000002	0.13632	0.000005	0.000007	0.068162	0.000003	0.000004	0.136314	0.000002	0.136316	0.136322	0	-952018.5218	66	-1	0.994163	"5.385876e-01,1.339812e-01,1.556369e-02,1.286155e-01,1.323815e-01,1.481031e-02,1.580109e-02,1.511163e-02,5.147509e-03"	0.236927	0.408732	0.124985	-1080990.524	6
2	14	s12	s4	759511	0.623047	0	0	0.376928	0	0	0	0.000024	0	0	0.000025	0.376952	0	0	0	0.000024	0	0.000024	0.188489	-0.188464	-1056727.408	54	-1	0.991947	"4.891709e-01,1.252351e-01,7.371240e-02,1.646223e-01,6.752545e-02,4.369249e-02,2.450707e-02,6.626732e-04,1.087155e-02"	1.454555	0.156153	-0.274715	-1191567.74	7
2	15	s12	s5	759024	0.631958	0	0	0.368029	0	0	0	0.000012	0	0	0.000012	0.368041	0	0	0	0.000012	0	0.000013	0.184027	-0.184014	-1060520.446	66	-1	0.991311	"4.839484e-01,1.299072e-01,7.431190e-02,1.655660e-01,6.676896e-02,4.344074e-02,2.472349e-02,6.749545e-04,1.065831e-02"	1.483255	0.152224	-0.277519	-1195434.258	7
2	16	s12	s6	759258	0.63608	0	0.000001	0.363913	0	0.000001	0	0.000001	0.000004	0.000006	0.000005	0.363918	0.000005	0.000004	0.000004	0.000002	0.000004	0.000006	0.181963	-0.181956	-1058698.34	70	-1	0.991617	"4.856747e-01,1.291233e-01,7.337972e-02,1.645117e-01,6.821749e-02,4.305261e-02,2.452114e-02,6.373741e-04,1.088197e-02"	1.435129	0.15674	-0.269301	-1194434.083	7
2	17	s12	s7	760407	0.908285	0.000014	0.091693	0	0	0.000008	0	0.000001	0	0.0917	0.000009	0.000001	0.04585	0	0	0.091693	0	0.091694	0.091705	0.000004	-954852.3723	118	-1	0.993117	"5.227832e-01,1.501094e-01,1.492331e-02,1.301970e-01,1.328541e-01,1.306338e-02,1.700879e-02,1.479866e-02,4.262135e-03"	0.240355	0.390632	0.120217	-1091060.157	6
2	18	s12	s8	761255	0.874074	0.000027	0.125898	0	0.000001	0.000001	0	0	0	0.125911	0.000001	0.000001	0.062956	0	0	0.125898	0	0.125898	0.125912	0	-951131.0118	106	-1	0.994225	"5.382730e-01,1.345556e-01,1.529875e-02,1.315783e-01,1.299680e-01,1.423174e-02,1.632751e-02,1.503429e-02,4.732880e-03"	0.243339	0.397424	0.120135	-1080023.708	6
2	19	s12	s9	760196	0.870864	0	0.129135	0	0	0	0	0	0	0.129136	0	0	0.064568	0	0	0.129135	0	0.129135	0.129136	0	-954483.7074	66	-1	0.992842	"5.347989e-01,1.376965e-01,1.539958e-02,1.291465e-01,1.327800e-01,1.413133e-02,1.595340e-02,1.512877e-02,4.965033e-03"	0.236127	0.40549	0.124762	-1081932.863	6
3	4	s13	s14	758369	0.652251	0	0	0.347746	0	0.000001	0	0.000001	0.000001	0.000001	0.000003	0.347748	0.000001	0.000001	0.000001	0.000001	0.000001	0.000002	0.173875	-0.173873	-1043720.462	50	-1	0.990456	"4.768564e-01,1.295737e-01,7.832269e-02,1.720243e-01,6.791922e-02,3.985957e-02,2.594775e-02,5.349960e-04,8.961266e-03"	1.535213	0.152195	-0.294292	-1197042.598	9
3	5	s13	s15	758214	0.620297	0	0	0.379699	0	0	0	0.000002	0.000001	0.000002	0.000004	0.379702	0.000002	0.000002	0.000002	0.000002	0.000001	0.000004	0.189853	-0.189849	-1051289.659	46	-1	0.990253	"4.882085e-01,1.234363e-01,7.315687e-02,1.701517e-01,6.664031e-02,4.299698e-02,2.420672e-02,5.612969e-04,1.064128e-02"	1.461032	0.153369	-0.272278	-1187591.399	7
3	6	s13	s16	760309	0.807214	0.003869	0.188908	0.000004	0.000004	0	0	0	0	0.190846	0	0.000009	0.095424	0	0.000002	0.188908	0	0.188908	0.190849	-0.000002	-944697.1077	162	-1	0.992989	"5.471536e-01,1.245718e-01,1.298720e-02,1.240964e-01,1.403211e-01,1.543204e-02,1.367673e-02,1.592528e-02,5.835891e-03"	0.190021	0.457535	0.15516	-1066544.365	6
3	7	s13	s17	758361	0.638834	0	0	0.361126	0	0	0	0.00004	0	0	0.00004	0.361166	0	0	0	0.00004	0	0.00004	0.180603	-0.180563	-1065409.908	110	-1	0.990445	"4.746706e-01,1.315337e-01,7.855669e-02,1.688801e-01,6.887298e-02,4.205074e-02,2.481712e-02,5.893183e-04,1.002875e-02"	1.500934	0.154276	-0.286761	-1202385.864	7
3	8	s13	s18	758139	0.641765	0	0	0.358219	0	0	0.000002	0.000007	0.000007	0.000009	0.000016	0.358233	0.000008	0.000008	0.000007	0.000007	0.000007	0.000014	0.179126	-0.179109	-1058796.585	79	-1	0.990155	"4.822076e-01,1.295640e-01,7.292793e-02,1.679083e-01,6.934736e-02,4.263096e-02,2.371213e-02,5.883673e-04,1.111334e-02"	1.393565	0.158569	-0.258524	-1194764.38	7
3	9	s13	s19	759994	0.877274	0.000035	0.12269	0	0	0	0	0	0	0.122708	0	0	0.061354	0	0	0.12269	0	0.122691	0.122708	0	-954575.2061	54	-1	0.992578	"5.306676e-01,1.389926e-01,1.503031e-02,1.313227e-01,1.345770e-01,1.399284e-02,1.557495e-02,1.491572e-02,4.926300e-03"	0.227418	0.40802	0.129081	-1084139.537	6
3	10	s13	S1	758528	0.620925	0	0	0.379063	0	0	0	0.000012	0	0	0.000012	0.379075	0	0	0	0.000012	0	0.000012	0.189543	-0.189532	-1064001.01	86	-1	0.990663	"4.803665e-01,1.262316e-01,7.812216e-02,1.688404e-01,6.833353e-02,4.268505e-02,2.462457e-02,5.989097e-04,1.019733e-02"	1.503606	0.154915	-0.288744	-1197607.391	9
3	11	s13	s20	761071	1	0	0	0	0	0	0	0	0	0.000002	0.000006	0	0.000001	0.000001	0	0.000001	0	0.000001	0.000004	0.000002	-1093339.966	54	-1093340.302	0.993984	"2.842852e-01,4.005350e-01,7.193959e-06,6.103236e-02,2.185882e-01,1.125160e-04,3.672004e-03,3.149499e-02,2.726037e-04"	0.016832	0.439944	0.227043	-1031376.111	7
3	12	s13	S2	760425	0.870178	0.000045	0.129777	0	0	0	0	0	0	0.1298	0	0	0.0649	0	0	0.129777	0	0.129778	0.1298	0	-952082.2719	74	-1	0.993141	"5.368881e-01,1.311460e-01,1.666777e-02,1.332951e-01,1.325460e-01,1.402775e-02,1.597932e-02,1.468601e-02,4.763913e-03"	0.246308	0.40683	0.12047	-1080899.253	6
3	13	s13	s3	760359	0.867616	0.000047	0.132338	0	0	0	0	0	0	0.132361	0	0	0.06618	0	0	0.132338	0	0.132338	0.132361	0	-952795.7039	58	-1	0.993055	"5.355518e-01,1.335691e-01,1.559441e-02,1.313916e-01,1.335941e-01,1.490235e-02,1.574800e-02,1.457481e-02,5.073806e-03"	0.234609	0.410074	0.126257	-1082002.399	6
3	14	s13	s4	758678	0.622305	0	0.000001	0.377684	0	0.000001	0	0.000008	0.000001	0.000001	0.00001	0.377694	0.000001	0.000001	0.000001	0.000009	0.000001	0.00001	0.188853	-0.188842	-1057234.067	74	-1	0.990859	"4.850969e-01,1.244833e-01,7.512658e-02,1.689334e-01,6.817614e-02,4.276006e-02,2.439034e-02,5.268775e-04,1.050637e-02"	1.459703	0.156288	-0.276622	-1192199.471	7
3	15	s13	s5	758223	0.631335	0	0	0.36866	0	0	0	0.000005	0	0	0.000005	0.368664	0	0	0	0.000005	0	0.000005	0.184335	-0.18433	-1061230.367	42	-1	0.990265	"4.823942e-01,1.279554e-01,7.431901e-02,1.678408e-01,6.858399e-02,4.348532e-02,2.412043e-02,5.980045e-04,1.070289e-02"	1.435312	0.156471	-0.268935	-1195329.822	9
3	16	s13	s6	758444	0.635306	0	0	0.364687	0.000005	0.000001	0	0.000001	0	0.000004	0.000002	0.364694	0.000002	0	0.000002	0.000002	0	0.000002	0.18235	-0.182343	-1059167.457	106	-1	0.990553	"4.836355e-01,1.278695e-01,7.325790e-02,1.669005e-01,6.925565e-02,4.368344e-02,2.436426e-02,5.519257e-04,1.048140e-02"	1.409591	0.158615	-0.263841	-1194517.912	9
3	17	s13	s7	760376	0.909629	0.000002	0.090369	0	0	0	0	0	0	0.09037	0	0	0.045185	0	0	0.090369	0	0.090369	0.09037	0	-956712.0697	58	-1	0.993077	"5.206925e-01,1.490487e-01,1.494831e-02,1.331895e-01,1.335997e-01,1.309761e-02,1.603648e-02,1.513606e-02,4.251175e-03"	0.231923	0.391264	0.123998	-1092399.409	6
3	18	s13	s8	760383	0.88765	0.000004	0.112346	0	0	0	0	0	0	0.112348	0	0	0.056174	0	0	0.112346	0	0.112346	0.112348	0	-952760.0786	62	-1	0.993086	"5.335814e-01,1.353474e-01,1.575344e-02,1.354410e-01,1.302611e-01,1.417408e-02,1.680263e-02,1.427580e-02,4.363190e-03"	0.249929	0.392596	0.116387	-1082850.091	6
3	19	s13	s9	760179	0.877129	0.000021	0.12285	0	0	0	0	0	0	0.122861	0	0	0.06143	0	0	0.12285	0	0.12285	0.122861	0	-956998.3086	58	-1	0.992819	"5.317825e-01,1.376126e-01,1.530835e-02,1.321472e-01,1.332420e-01,1.447711e-02,1.590389e-02,1.477319e-02,4.753033e-03"	0.234252	0.403492	0.125231	-1084429.239	6
4	5	s14	s15	757392	0.230782	0.000001	0.302166	0.000007	0	0	0	0.467044	0	0.302167	0.467045	0.467051	0.151083	0	0	0.76921	0	0.76921	0.769214	-0.000003	-1011512.012	45	-1	0.98918	"5.371987e-01,3.492836e-02,1.002811e-01,4.203163e-02,1.570460e-01,8.738961e-04,1.006553e-01,7.447398e-04,2.624030e-02"	1.279475	0.561852	-0.623492	-1109494.529	10
4	6	s14	s16	759017	0.652343	0	0	0.000001	0	0.347632	0	0.000025	0	0	0.347657	0.000026	0	0	0	0.000025	0	0.000025	0.173841	0.173815	-1043298.825	118	-1	0.991302	"4.781832e-01,1.717299e-01,2.449756e-02,1.298472e-01,6.762783e-02,7.061898e-04,7.722302e-02,4.111084e-02,9.074260e-03"	1.504123	0.151933	-0.283743	-1196875.109	6
4	7	s14	s17	757578	0.230451	0.000001	0.301929	0.000004	0	0.000004	0	0.46761	0	0.30193	0.467614	0.467614	0.150965	0	0	0.769539	0	0.769539	0.769544	0	-1022459.912	110	-1	0.989422	"5.264010e-01,3.975469e-02,1.059575e-01,3.717978e-02,1.622072e-01,7.680007e-04,1.025643e-01,7.464293e-04,2.442107e-02"	1.285527	0.56524	-0.632563	-1117440.686	10
4	8	s14	s18	757363	0.222333	0.000001	0.317409	0.000004	0	0.000004	0	0.460248	0	0.31741	0.460252	0.460251	0.158705	0	0	0.777657	0	0.777657	0.777662	0	-1012045.334	174	-1	0.989142	"5.350455e-01,3.796984e-02,9.933775e-02,3.634056e-02,1.626932e-01,8.709971e-04,9.982629e-02,8.503471e-04,2.706545e-02"	1.224169	0.591191	-0.587006	-1109546.399	10
4	9	s14	s19	758146	0.652165	0	0	0	0	0.347831	0	0.000002	0.000002	0.000002	0.347835	0.000004	0.000002	0.000002	0.000002	0.000002	0.000002	0.000004	0.17392	0.173915	-1044370.69	42	-1	0.990164	"4.700124e-01,1.801421e-01,2.480452e-02,1.293776e-01,6.808589e-02,5.062019e-04,7.821580e-02,4.020944e-02,8.646049e-03"	1.513093	0.150215	-0.28362	-1199889.771	9
4	10	s14	S1	757756	0.223125	0	0.305842	0.000001	0	0	0	0.471032	0	0.305842	0.471032	0.471033	0.152921	0	0	0.776874	0	0.776874	0.776875	0	-1019138.782	90	-1	0.989655	"5.315330e-01,3.596136e-02,1.047894e-01,3.868112e-02,1.605152e-01,7.980452e-04,1.012712e-01,8.344899e-04,2.561613e-02"	1.283745	0.568526	-0.633281	-1112630.5	10
4	11	s14	s20	759886	0.697286	0	0	0	0	0.12489	0.177824	0	0	0.133368	0.302714	0	0.088912	0.088912	0	0	0	0	0.240269	0.062445	-1172370.021	66	-1	0.992437	"2.869574e-01,3.878123e-01,1.443467e-07,5.668305e-02,1.414762e-01,2.651719e-05,4.471938e-03,1.221908e-01,3.815560e-04"	0.03161	0.247689	0.155982	-1101937.74	10
4	12	s14	S2	759112	0.652211	0.000002	0	0	0	0.347783	0	0.000004	0	0.000001	0.347787	0.000004	0.000001	0	0	0.000004	0	0.000004	0.173897	0.173891	-1043844.892	54	-1	0.991426	"4.772383e-01,1.712526e-01,2.595220e-02,1.303632e-01,6.727493e-02,5.077081e-04,7.878217e-02,3.963448e-02,8.994362e-03"	1.556811	0.150674	-0.298533	-1197897.157	10
4	13	s14	s3	759140	0.65234	0	0	0	0	0.347652	0.000001	0.000007	0	0.000001	0.34766	0.000007	0.000001	0.000001	0	0.000007	0	0.000007	0.173834	0.173826	-1044843.423	42	-1	0.991462	"4.779716e-01,1.712081e-01,2.526819e-02,1.295942e-01,6.800207e-02,5.782708e-04,7.537611e-02,4.225124e-02,9.750244e-03"	1.480018	0.153063	-0.277891	-1199188.4	7
4	14	s14	s4	757902	0.233068	0	0.300676	0	0	0	0	0.466256	0	0.300676	0.466256	0.466256	0.150338	0	0	0.766931	0	0.766931	0.766932	0	-1017373.792	94	-1	0.989846	"5.342712e-01,3.654817e-02,1.015585e-01,4.117917e-02,1.579051e-01,8.977349e-04,1.004933e-01,8.645265e-04,2.628224e-02"	1.279578	0.560859	-0.622815	-1114113.133	10
4	15	s14	s5	757560	0.227662	0	0.30755	0	0	0.000001	0	0.464787	0	0.30755	0.464787	0.464787	0.153775	0	0	0.772337	0	0.772337	0.772338	0	-1017996.235	110	-1	0.989399	"5.327132e-01,3.765434e-02,1.018456e-01,3.831607e-02,1.609224e-01,8.544337e-04,1.008282e-01,8.534271e-04,2.601231e-02"	1.25945	0.574001	-0.611792	-1113308.217	10
4	16	s14	s6	757670	0.229588	0	0.306146	0	0	0	0	0.464266	0	0.306146	0.464266	0.464266	0.153073	0	0	0.770412	0	0.770412	0.770412	0	-1017010.915	142	-1	0.989543	"5.327380e-01,3.790763e-02,1.015532e-01,3.832967e-02,1.609325e-01,9.081823e-04,1.014526e-01,9.679113e-04,2.521033e-02"	1.261435	0.572471	-0.612731	-1113540.323	10
4	17	s14	s7	758513	0.652208	0	0	0	0	0.347784	0	0.000007	0	0	0.347791	0.000007	0	0	0	0.000007	0	0.000007	0.173899	0.173892	-1043997.07	50	-1	0.990644	"4.604524e-01,1.900517e-01,2.438955e-02,1.288883e-01,6.860045e-02,5.214276e-04,8.053170e-02,3.914303e-02,7.421391e-03"	1.529454	0.147997	-0.284874	-1204204.856	10
4	18	s14	s8	759082	0.652282	0	0	0	0	0.347713	0	0.000004	0	0	0.347718	0.000004	0	0	0	0.000004	0	0.000004	0.173861	0.173857	-1042890.331	78	-1	0.991387	"4.747373e-01,1.747759e-01,2.485601e-02,1.329177e-01,6.464717e-02,6.448082e-04,7.847232e-02,4.014884e-02,8.799946e-03"	1.598343	0.143083	-0.297227	-1197394.908	7
4	19	s14	s9	758236	0.651996	0	0.000001	0	0	0.347995	0.000001	0.000006	0	0.000002	0.348002	0.000006	0.000001	0	0	0.000007	0	0.000007	0.174006	0.173997	-1046454.351	90	-1	0.990282	"4.707163e-01,1.790659e-01,2.521582e-02,1.305709e-01,6.672341e-02,6.298291e-04,7.861967e-02,3.974838e-02,8.709831e-03"	1.556208	0.147016	-0.291538	-1199671.998	7
5	6	s15	s16	758833	0.620238	0	0	0	0	0.379753	0	0.000008	0	0	0.379761	0.000008	0	0	0	0.000008	0	0.000008	0.189885	0.189877	-1050757.384	50	-1	0.991062	"4.888430e-01,1.702783e-01,2.306274e-02,1.237832e-01,6.630960e-02,6.660434e-04,7.267653e-02,4.391990e-02,1.046074e-02"	1.443822	0.152651	-0.265601	-1187204.028	9
5	7	s15	s17	757401	0.228619	0	0.305522	0	0	0	0	0.465858	0	0.305522	0.465859	0.465858	0.152761	0	0	0.771381	0	0.771381	0.771381	0	-1029421.354	82	-1	0.989191	"5.341916e-01,4.371367e-02,1.018409e-01,3.425216e-02,1.578127e-01,8.552112e-04,9.801037e-02,9.151357e-04,2.840822e-02"	1.266383	0.564448	-0.611819	-1114830.698	10
5	8	s15	s18	757121	0.224538	0	0.319429	0	0	0.000003	0	0.456029	0	0.319429	0.456033	0.456029	0.159715	0	0	0.775458	0	0.775458	0.77546	0.000002	-1020267.254	110	-1	0.988826	"5.426147e-01,4.265159e-02,9.468063e-02,3.411981e-02,1.576525e-01,9.064594e-04,9.475589e-02,1.011958e-03,3.160640e-02"	1.201608	0.587978	-0.561481	-1107978.263	10
5	9	s15	s19	757904	0.620107	0	0.000001	0.000002	0	0.379882	0.000001	0.000003	0.000005	0.000006	0.37989	0.00001	0.000006	0.000005	0.000005	0.000004	0.000005	0.000009	0.189951	0.18994	-1051826.344	39	-1	0.989848	"4.827223e-01,1.770341e-01,2.297052e-02,1.223731e-01,6.765144e-02,4.998801e-04,7.254928e-02,4.374522e-02,1.045420e-02"	1.41194	0.154043	-0.257619	-1189856.638	7
5	10	s15	S1	757539	0.215843	0	0.315909	0	0	0.000002	0	0.468245	0	0.315909	0.468247	0.468245	0.157955	0	0	0.784154	0	0.784154	0.784156	0.000001	-1022981.078	58	-1	0.989371	"5.410420e-01,3.906034e-02,9.993446e-02,3.474259e-02,1.570344e-01,8.224985e-04,9.591689e-02,1.041288e-03,3.040557e-02"	1.247188	0.578357	-0.602122	-1106955.936	9
5	11	s15	s20	759579	0.62037	0	0	0	0	0.379626	0.000001	0	0.000002	0.000003	0.379629	0.000003	0.000003	0.000002	0.000002	0	0.000002	0.000002	0.189817	0.189813	-1186462.695	47	-1	0.992036	"2.635572e-01,4.188211e-01,3.280017e-05,5.437486e-02,1.360980e-01,2.798521e-05,2.989719e-02,9.687450e-02,3.163466e-04"	0.219915	0.226819	0.090512	-1123189.106	10
5	12	s15	S2	758869	0.620164	0	0	0	0	0.37983	0.000003	0.000003	0	0.000002	0.379836	0.000003	0.000002	0.000001	0	0.000003	0	0.000003	0.189921	0.189915	-1051128.342	90	-1	0.991109	"4.903084e-01,1.679814e-01,2.393947e-02,1.235901e-01,6.656681e-02,5.528734e-04,7.253937e-02,4.359105e-02,1.093053e-02"	1.449354	0.154021	-0.269577	-1187325.341	7
5	13	s15	s3	758861	0.620342	0	0	0	0	0.379651	0.000001	0.000005	0	0.000001	0.379658	0.000006	0.000001	0.000001	0	0.000005	0	0.000006	0.189832	0.189826	-1052200.837	70	-1	0.991098	"4.865659e-01,1.712157e-01,2.437552e-02,1.237510e-01,6.643325e-02,5.905531e-04,7.263922e-02,4.382897e-02,1.059984e-02"	1.460334	0.15223	-0.270186	-1190505.593	9
5	14	s15	s4	757682	0.215306	0	0.318069	0	0	0.000001	0	0.466623	0	0.318069	0.466624	0.466624	0.159035	0	0	0.784693	0	0.784693	0.784693	0	-1016959.33	42	-1	0.989558	"5.446634e-01,3.795271e-02,9.745017e-02,3.534251e-02,1.564198e-01,8.507525e-04,9.604866e-02,9.746188e-04,3.029733e-02"	1.237048	0.58231	-0.594334	-1103039.724	10
5	15	s15	s5	757291	0.220921	0.000004	0.317123	0.000001	0	0.000003	0	0.461947	0	0.317126	0.46195	0.461949	0.158563	0	0	0.779071	0	0.779071	0.779075	0.000001	-1022071.558	50	-1	0.989048	"5.420579e-01,4.093206e-02,9.700653e-02,3.463424e-02,1.571509e-01,8.821365e-04,9.550605e-02,9.873062e-04,3.084289e-02"	1.225017	0.582152	-0.581701	-1107752.641	10
5	16	s15	s6	757462	0.217507	0	0.32201	0	0	0.000013	0	0.460469	0.000001	0.322011	0.460482	0.460469	0.161006	0.000001	0.000001	0.782479	0.000001	0.782479	0.782486	0.000006	-1018461.349	42	-1	0.989271	"5.436092e-01,4.040779e-02,9.596443e-02,3.368846e-02,1.581787e-01,8.811223e-04,9.534445e-02,1.098575e-03,3.082721e-02"	1.209448	0.591577	-0.571916	-1105142.303	10
5	17	s15	s7	758363	0.620075	0.000001	0.000002	0	0	0.379918	0.000003	0.000001	0.000001	0.000005	0.379922	0.000002	0.000003	0.000002	0.000001	0.000003	0.000001	0.000004	0.189966	0.189959	-1051712.644	34	-1	0.990448	"4.736212e-01,1.865641e-01,2.246885e-02,1.224512e-01,6.751321e-02,5.938319e-04,7.393731e-02,4.360178e-02,9.248529e-03"	1.42796	0.150157	-0.256636	-1195054.426	7
5	18	s15	s8	758917	0.620207	0	0	0	0	0.379783	0	0.000009	0	0	0.379792	0.000009	0	0	0	0.000009	0	0.000009	0.189901	0.189892	-1050506.47	50	-1	0.991171	"4.870670e-01,1.714687e-01,2.364866e-02,1.258331e-01,6.425055e-02,6.505614e-04,7.325681e-02,4.386153e-02,9.963001e-03"	1.508243	0.14645	-0.275476	-1187872.737	7
5	19	s15	s9	758078	0.619966	0	0.000003	0.000001	0	0.380019	0.000001	0.000007	0.000003	0.000007	0.38003	0.000011	0.000005	0.000003	0.000003	0.000009	0.000003	0.000012	0.190024	0.190009	-1053915.721	50	-1	0.990075	"4.844205e-01,1.750033e-01,2.328990e-02,1.232907e-01,6.661796e-02,5.835345e-04,7.227130e-02,4.392840e-02,1.059436e-02"	1.434466	0.151968	-0.261541	-1189318.504	7
6	7	s16	s17	759031	0.638953	0	0.000002	0.361044	0	0.000001	0	0	0	0.000002	0.000001	0.361044	0.000001	0	0	0.000002	0	0.000002	0.180524	-0.180521	-1065068.614	130	-1	0.99132	"4.746289e-01,1.313993e-01,7.922345e-02,1.697589e-01,6.913340e-02,4.162748e-02,2.355537e-02,6.521393e-04,1.002104e-02"	1.486674	0.154932	-0.283211	-1202309.125	7
6	8	s16	s18	758772	0.641914	0	0	0.358065	0.000001	0	0.000001	0.000019	0	0.000001	0.00002	0.358085	0.000001	0	0	0.000019	0	0.000019	0.179053	-0.179033	-1058206.58	46	-1	0.990982	"4.826853e-01,1.293594e-01,7.322035e-02,1.673379e-01,6.961740e-02,4.351421e-02,2.333510e-02,6.963354e-04,1.023400e-02"	1.386944	0.159139	-0.257202	-1194947.434	9
6	9	s16	s19	759978	0.888866	0.000026	0.111108	0	0	0	0	0	0	0.111121	0	0	0.055561	0	0	0.111108	0	0.111108	0.111121	0	-953552.2704	62	-1	0.992557	"5.291843e-01,1.406906e-01,1.518212e-02,1.333381e-01,1.329869e-01,1.439946e-02,1.513218e-02,1.472625e-02,4.360178e-03"	0.22795	0.398799	0.127139	-1084455.475	6
6	10	s16	S1	759330	0.621707	0	0	0.378292	0	0	0	0	0	0	0.000001	0.378293	0	0	0	0.000001	0	0.000001	0.189147	-0.189146	-1063307.397	150	-1	0.991711	"4.795836e-01,1.267295e-01,7.895917e-02,1.701481e-01,6.807604e-02,4.225793e-02,2.393515e-02,6.301021e-04,9.680374e-03"	1.511461	0.153789	-0.289362	-1197742.525	9
6	11	s16	s20	761889	1	0	0	0	0	0	0	0	0	0	0.000002	0	0	0	0	0	0	0	0.000001	0.000001	-1092750.749	46	-1092750.826	0.995053	"2.845054e-01,4.009097e-01,1.012286e-05,6.127940e-02,2.189405e-01,8.208520e-05,3.226989e-03,3.075172e-02,2.941321e-04"	0.014785	0.441181	0.228237	-1030527.071	10
6	12	s16	S2	761208	0.868031	0.00001	0.131959	0	0	0	0	0	0	0.131964	0	0	0.065982	0	0	0.131959	0	0.131959	0.131964	0	-951223.4851	74	-1	0.994163	"5.378130e-01,1.313027e-01,1.613733e-02,1.331883e-01,1.325738e-01,1.471302e-02,1.545204e-02,1.420412e-02,4.615660e-03"	0.238278	0.407922	0.12424	-1079627.421	6
6	13	s16	s3	761229	0.877087	0	0.122912	0	0	0	0	0	0.000001	0.122913	0.000001	0.000001	0.061457	0.000001	0.000001	0.122912	0.000001	0.122913	0.122913	0	-953082.3169	54	-1	0.994191	"5.343306e-01,1.351388e-01,1.578137e-02,1.337751e-01,1.318613e-01,1.485062e-02,1.486711e-02,1.445877e-02,4.936367e-03"	0.23243	0.400951	0.125571	-1083075.432	6
6	14	s16	s4	759500	0.622982	0	0	0.377001	0	0	0	0.000017	0	0	0.000017	0.377018	0	0	0	0.000017	0	0.000017	0.188518	-0.1885	-1056650.741	54	-1	0.991933	"4.856946e-01,1.249012e-01,7.470973e-02,1.694425e-01,6.791357e-02,4.308533e-02,2.309502e-02,6.188685e-04,1.053907e-02"	1.440136	0.155818	-0.269472	-1191926.027	9
6	15	s16	s5	759008	0.632013	0	0	0.367986	0	0.000001	0	0	0	0.000001	0.000001	0.367986	0	0	0	0	0	0	0.183994	-0.183993	-1060415.881	58	-1	0.99129	"4.821096e-01,1.285066e-01,7.466624e-02,1.689034e-01,6.816256e-02,4.337526e-02,2.320814e-02,6.830832e-04,1.038505e-02"	1.435897	0.155147	-0.267032	-1195264.332	7
6	16	s16	s6	759286	0.63606	0.000002	0	0.363937	0	0.000001	0	0	0	0.000001	0.000001	0.363937	0.000001	0	0	0.000001	0	0.000001	0.181971	-0.181968	-1058704.366	106	-1	0.991653	"4.834389e-01,1.280864e-01,7.383749e-02,1.680935e-01,6.927136e-02,4.305292e-02,2.319289e-02,6.034363e-04,1.042316e-02"	1.400729	0.158564	-0.260859	-1194554.163	7
6	17	s16	s7	760423	0.909512	0.00001	0.090478	0	0	0	0	0	0	0.090483	0	0	0.045241	0	0	0.090478	0	0.090478	0.090483	0	-954854.3417	54	-1	0.993138	"5.208245e-01,1.488343e-01,1.529459e-02,1.335484e-01,1.343095e-01,1.298629e-02,1.557123e-02,1.460033e-02,4.030919e-03"	0.229811	0.39406	0.12544	-1090790.07	6
6	18	s16	s8	761205	0.886602	0.000055	0.113343	0	0	0	0	0	0	0.113371	0	0	0.056685	0	0	0.113343	0	0.113343	0.113371	0	-951950.8295	170	-1	0.994159	"5.343199e-01,1.356260e-01,1.534911e-02,1.367087e-01,1.293306e-01,1.438912e-02,1.512318e-02,1.462540e-02,4.527889e-03"	0.235615	0.38976	0.122116	-1081598.616	6
6	19	s16	s9	760196	0.881365	0.000012	0.118623	0	0	0	0	0	0	0.118629	0	0	0.059315	0	0	0.118623	0	0.118623	0.118629	0	-955444.8952	66	-1	0.992842	"5.308628e-01,1.385266e-01,1.558248e-02,1.338393e-01,1.327376e-01,1.420205e-02,1.517701e-02,1.431616e-02,4.756026e-03"	0.231732	0.400242	0.125748	-1083754.996	6
7	8	s17	s18	757396	0.212843	0.000008	0.326854	0.000002	0	0.000001	0	0.460291	0	0.326859	0.460292	0.460293	0.163429	0	0	0.787146	0	0.787146	0.787151	-0.000001	-1026598.4	174	-1	0.989185	"5.329761e-01,3.582426e-02,9.723681e-02,3.684120e-02,1.650772e-01,9.307391e-04,1.011705e-01,8.567571e-04,2.908650e-02"	1.201906	0.604988	-0.572747	-1111077.145	10
7	9	s17	s19	758075	0.638675	0	0.000001	0.000001	0	0.36132	0	0.000002	0	0.000002	0.361322	0.000003	0.000001	0	0	0.000004	0	0.000004	0.180664	0.180659	-1066043.341	94	-1	0.990072	"4.686806e-01,1.761322e-01,2.364453e-02,1.308048e-01,6.959327e-02,5.586772e-04,7.816863e-02,4.269488e-02,9.722360e-03"	1.462974	0.153966	-0.273885	-1204937.657	9
7	10	s17	S1	757896	0.220343	0	0.319889	0.000001	0	0	0	0.459767	0	0.319889	0.459767	0.459768	0.159944	0	0	0.779656	0	0.779656	0.779656	-0.000001	-1034577.851	98	-1	0.989838	"5.329271e-01,3.540873e-02,9.776951e-02,4.083855e-02,1.611194e-01,8.864891e-04,9.763513e-02,9.443781e-04,3.247066e-02"	1.212794	0.589139	-0.57377	-1117614.832	9
7	11	s17	s20	759850	0.648656	0	0.000001	0	0	0.30415	0.047192	0	0	0.035395	0.351343	0.000001	0.023597	0.023596	0	0.000001	0	0.000001	0.199269	0.152075	-1200193.812	58	-1	0.99239	"2.679760e-01,4.000978e-01,2.721512e-05,6.051087e-02,1.406109e-01,2.688889e-05,1.949979e-02,1.109133e-01,3.372184e-04"	0.138873	0.23789	0.119091	-1129363.666	9
7	12	s17	S2	759083	0.638847	0	0	0.000001	0	0.361132	0	0.00002	0	0	0.361152	0.000021	0	0	0	0.00002	0	0.00002	0.180586	0.180566	-1065296.469	50	-1	0.991388	"4.746653e-01,1.685891e-01,2.474803e-02,1.324448e-01,6.807066e-02,6.240743e-04,7.930083e-02,4.150990e-02,1.004732e-02"	1.528542	0.15221	-0.292144	-1203144.45	7
7	13	s17	s3	759068	0.638986	0	0.000001	0.000001	0	0.361012	0.000001	0	0	0.000001	0.361012	0.000001	0.000001	0	0	0.000001	0	0.000001	0.180508	0.180506	-1066391.3	74	-1	0.991368	"4.728707e-01,1.704605e-01,2.468995e-02,1.321482e-01,6.839617e-02,6.270537e-04,7.798993e-02,4.259383e-02,1.022373e-02"	1.501252	0.152497	-0.283791	-1205264.999	9
7	14	s17	s4	757912	0.224499	0	0.309375	0.000001	0	0	0	0.466125	0	0.309375	0.466125	0.466126	0.154688	0	0	0.7755	0	0.775501	0.775501	0	-1032401.855	50	-1	0.989859	"5.322500e-01,3.466427e-02,9.932745e-02,4.176981e-02,1.599449e-01,9.599559e-04,1.017551e-01,9.837646e-04,2.834472e-02"	1.257199	0.572335	-0.608184	-1116145.243	10
7	15	s17	s5	757479	0.218322	0	0.318033	0.000002	0	0.000002	0	0.46364	0	0.318033	0.463642	0.463642	0.159017	0	0	0.781674	0	0.781674	0.781676	0	-1032145.553	106	-1	0.989293	"5.314790e-01,3.559082e-02,9.910099e-02,3.894916e-02,1.628394e-01,9.117786e-04,1.013572e-01,1.038636e-03,2.873295e-02"	1.231018	0.587977	-0.591982	-1115005.627	10
7	16	s17	s6	757702	0.214771	0	0.326246	0.000001	0	0.000001	0	0.458981	0	0.326246	0.458982	0.458981	0.163123	0	0	0.785227	0	0.785227	0.785228	0	-1027449.771	114	-1	0.989584	"5.345467e-01,3.519681e-02,9.638123e-02,3.822874e-02,1.636830e-01,9.311357e-04,9.965782e-02,1.022241e-03,3.035235e-02"	1.197675	0.603066	-0.567096	-1112115.43	10
7	17	s17	s7	758803	0.621608	0.000001	0.000012	0	0	0.111662	0.266718	0	0	0.200051	0.37838	0	0.133365	0.133359	0	0.000012	0	0.000012	0.322561	0.055831	-1042500.783	66	-1	0.991022	"5.133157e-01,1.447367e-01,1.050782e-02,1.239638e-01,7.621784e-02,6.786524e-04,3.276816e-02,7.675146e-02,2.105986e-02"	0.567793	0.195728	-0.020728	-1158110.4	9
7	18	s17	s8	759141	0.638867	0	0	0.000001	0	0.361129	0.000001	0	0.000001	0.000002	0.361131	0.000003	0.000002	0.000001	0.000001	0	0.000001	0.000001	0.180568	0.180564	-1064622.165	50	-1	0.991464	"4.741321e-01,1.705821e-01,2.325197e-02,1.351062e-01,6.535636e-02,6.983389e-04,7.690563e-02,4.362201e-02,1.034522e-02"	1.532484	0.145183	-0.280742	-1201948.863	9
7	19	s17	s9	758266	0.638669	0	0	0	0	0.361331	0	0	0	0	0.361331	0	0	0	0	0	0	0	0.180666	0.180665	-1068309.151	146	-1	0.990321	"4.696499e-01,1.745805e-01,2.429883e-02,1.322991e-01,6.800782e-02,6.110702e-04,7.793635e-02,4.301113e-02,9.605302e-03"	1.503286	0.150215	-0.280488	-1204766.963	7
8	9	s18	s19	757888	0.64165	0	0	0	0	0.358345	0	0.000004	0	0.000001	0.35835	0.000004	0.000001	0.000001	0	0.000004	0	0.000004	0.179178	0.179172	-1059125.184	34	-1	0.989827	"4.761813e-01,1.750945e-01,2.265527e-02,1.289315e-01,6.992323e-02,5.733233e-04,7.252560e-02,4.341531e-02,1.069996e-02"	1.36122	0.157771	-0.24687	-1197347.051	7
8	10	s18	S1	757511	0.217818	0.000001	0.317525	0.000001	0	0	0	0.464654	0	0.317526	0.464655	0.464656	0.158763	0	0	0.78218	0	0.78218	0.782181	-0.000001	-1029196.751	38	-1	0.989335	"5.347248e-01,3.504856e-02,1.015066e-01,3.924887e-02,1.613404e-01,9.198509e-04,9.744108e-02,9.850051e-04,2.878487e-02"	1.233093	0.586373	-0.593043	-1111701.988	10
8	11	s18	s20	759518	0.642062	0	0	0	0	0.357938	0	0	0	0	0.357938	0	0	0	0	0	0	0	0.178969	0.178969	-1193979.099	150	-1	0.991956	"2.598346e-01,4.136267e-01,5.005247e-05,5.893579e-02,1.405832e-01,2.564067e-05,2.897967e-02,9.765380e-02,3.106063e-04"	0.206495	0.23459	0.096926	-1130852.625	7
8	12	s18	S2	758827	0.641873	0	0	0	0	0.358113	0	0.000013	0	0	0.358127	0.000014	0	0	0	0.000013	0	0.000014	0.17907	0.179056	-1058629.005	106	-1	0.991054	"4.838467e-01,1.655701e-01,2.403167e-02,1.301825e-01,6.886735e-02,6.042199e-04,7.240451e-02,4.368761e-02,1.080536e-02"	1.400318	0.157779	-0.259545	-1195087.319	7
8	13	s18	s3	758841	0.64195	0	0	0	0	0.358032	0	0.000017	0	0.000001	0.35805	0.000018	0	0	0	0.000018	0	0.000018	0.179034	0.179016	-1059798.548	78	-1	0.991072	"4.811629e-01,1.680015e-01,2.421243e-02,1.296405e-01,6.941357e-02,6.461324e-04,7.219548e-02,4.402695e-02,1.070044e-02"	1.388891	0.158217	-0.256478	-1197836.215	7
8	14	s18	s4	757662	0.223319	0	0.318359	0.000009	0.000001	0	0	0.458311	0.000001	0.31836	0.458312	0.458322	0.15918	0.000001	0.000001	0.77667	0.000001	0.776671	0.776676	-0.000005	-1025223.356	47	-1	0.989532	"5.390797e-01,3.503592e-02,9.719104e-02,4.113487e-02,1.594262e-01,9.680047e-04,9.563153e-02,9.969297e-04,3.053582e-02"	1.209478	0.588379	-0.569838	-1110878.753	10
8	15	s18	s5	757253	0.216141	0	0.32615	0.000003	0.000001	0.000002	0	0.457704	0	0.326151	0.457706	0.457708	0.163076	0	0.000001	0.783854	0	0.783854	0.783857	0	-1024892.593	46	-1	0.988998	"5.376445e-01,3.583330e-02,9.774856e-02,3.796597e-02,1.626276e-01,9.484515e-04,9.624824e-02,9.636946e-04,3.001974e-02"	1.19289	0.602976	-0.562057	-1109231.008	10
8	16	s18	s6	757537	0.215722	0	0.329613	0.000001	0	0.000001	0	0.454664	0	0.329613	0.454665	0.454664	0.164807	0	0	0.784277	0	0.784277	0.784278	0	-1022160.031	110	-1	0.989369	"5.391608e-01,3.588345e-02,9.608931e-02,3.772490e-02,1.630075e-01,9.554304e-04,9.553520e-02,9.824395e-04,3.066092e-02"	1.175556	0.610125	-0.548463	-1108064.981	10
8	17	s18	s7	758239	0.641754	0	0	0	0	0.358245	0	0	0	0	0.358245	0	0	0	0	0	0	0	0.179123	0.179123	-1058960.193	30	-1	0.990286	"4.683196e-01,1.828724e-01,2.260171e-02,1.278099e-01,7.109111e-02,6.013798e-04,7.380054e-02,4.379471e-02,9.108712e-03"	1.356038	0.157462	-0.244768	-1202252.369	9
8	18	s18	s8	758839	0.641942	0	0	0	0	0.358042	0	0.000015	0.000001	0.000001	0.358058	0.000016	0.000001	0.000001	0.000001	0.000015	0.000001	0.000016	0.179037	0.179021	-1058004.668	42	-1	0.991069	"4.796608e-01,1.702149e-01,2.345025e-02,1.326692e-01,6.639592e-02,6.709527e-04,7.376481e-02,4.299142e-02,1.018177e-02"	1.464172	0.149621	-0.267106	-1195660.699	9
8	19	s18	s9	758058	0.641618	0	0.000001	0	0.000001	0.358378	0	0	0.000001	0.000003	0.358379	0.000002	0.000002	0.000001	0.000001	0.000001	0.000001	0.000002	0.179192	0.179189	-1061538.874	58	-1	0.990049	"4.784462e-01,1.729344e-01,2.252048e-02,1.302138e-01,6.855457e-02,6.677626e-04,7.120872e-02,4.411339e-02,1.134075e-02"	1.36722	0.155221	-0.245143	-1196564.404	9
9	10	s19	S1	758226	0.620706	0	0.000001	0.37929	0	0	0	0.000001	0.000001	0.000002	0.000002	0.379292	0.000001	0.000001	0.000001	0.000003	0.000001	0.000003	0.189648	-0.189645	-1064543.603	46	-1	0.990269	"4.750240e-01,1.259389e-01,7.659797e-02,1.758404e-01,6.863542e-02,4.406353e-02,2.305476e-02,5.062853e-04,1.033878e-02"	1.451914	0.15389	-0.270192	-1199653.879	9
9	11	s19	s20	760862	0.903994	0.000088	0.095916	0	0	0.000003	0	0	0	0.09596	0.000003	0	0.04798	0	0	0.095916	0	0.095916	0.095961	0.000001	-1088564.984	118	-1	0.993711	"3.150274e-01,3.630491e-01,7.342730e-08,3.375312e-02,2.542145e-01,2.953352e-05,1.979345e-04,3.335009e-02,3.782788e-04"	0.000779	0.590675	0.270419	-997643.472	9
9	12	s19	S2	760098	0.873998	0.000064	0.125938	0	0	0	0	0	0	0.12597	0	0	0.062985	0	0	0.125938	0	0.125938	0.12597	0	-952892.7787	62	-1	0.992714	"5.324674e-01,1.296133e-01,1.556839e-02,1.390686e-01,1.343007e-01,1.504016e-02,1.472602e-02,1.436369e-02,4.851837e-03"	0.225572	0.408979	0.130075	-1082648.12	6
9	13	s19	s3	760074	0.882931	0.000048	0.11702	0	0	0	0	0	0	0.117045	0	0	0.058522	0	0	0.11702	0	0.11702	0.117045	0	-954755.3772	58	-1	0.992682	"5.287746e-01,1.334537e-01,1.542752e-02,1.393851e-01,1.339262e-01,1.511767e-02,1.457236e-02,1.434099e-02,5.001907e-03"	0.224003	0.403031	0.129661	-1086412.834	6
9	14	s19	s4	758417	0.621951	0	0.000001	0.378038	0.000006	0	0	0.000001	0.000003	0.000008	0.000004	0.378047	0.000007	0.000003	0.000006	0.000002	0.000003	0.000005	0.18903	-0.189019	-1057763.799	38	-1	0.990518	"4.831041e-01,1.231501e-01,7.142559e-02,1.734915e-01,6.933779e-02,4.558662e-02,2.191500e-02,5.482483e-04,1.144102e-02"	1.346172	0.158989	-0.243728	-1192852.638	7
9	15	s19	s5	757975	0.631111	0.000005	0	0.368872	0.000002	0.000001	0	0.000009	0	0.000004	0.00001	0.368884	0.000002	0	0.000001	0.000009	0	0.00001	0.184451	-0.184436	-1061846.181	30	-1	0.989941	"4.762057e-01,1.270843e-01,7.434588e-02,1.753771e-01,6.938601e-02,4.368916e-02,2.286922e-02,5.681352e-04,1.047450e-02"	1.401076	0.156298	-0.257562	-1198076.806	9
9	16	s19	s6	758158	0.635017	0	0	0.364981	0	0	0	0.000001	0.000001	0.000001	0.000002	0.364983	0.000001	0.000001	0.000001	0.000001	0.000001	0.000002	0.182492	-0.18249	-1059834.661	42	-1	0.99018	"4.771957e-01,1.271218e-01,7.326911e-02,1.745746e-01,6.993283e-02,4.398099e-02,2.324151e-02,5.272408e-04,1.015626e-02"	1.380048	0.157963	-0.253232	-1197446.821	9
9	17	s19	s7	760190	0.908052	0.000045	0.091903	0	0	0	0	0	0	0.091925	0	0	0.045963	0	0	0.091903	0	0.091903	0.091926	0	-957138.8285	71	-1	0.992834	"5.166065e-01,1.464496e-01,1.451054e-02,1.380459e-01,1.369052e-01,1.354505e-02,1.528716e-02,1.442931e-02,4.220757e-03"	0.217652	0.399994	0.131865	-1094044.04	6
9	18	s19	s8	760064	0.900428	0.000016	0.099555	0	0	0	0	0	0	0.099563	0.000001	0.000001	0.049782	0	0	0.099555	0	0.099555	0.099564	0	-954042.0666	54	-1	0.992669	"5.271290e-01,1.352825e-01,1.524761e-02,1.429137e-01,1.308165e-01,1.465437e-02,1.585133e-02,1.373747e-02,4.367585e-03"	0.237729	0.38739	0.12076	-1086551.98	6
9	19	s19	s9	760019	0.88514	0.000026	0.114832	0	0	0	0	0	0.000001	0.114847	0.000001	0.000001	0.057424	0.000001	0.000001	0.114832	0.000001	0.114834	0.114847	0	-958174.3142	62	-1	0.99261	"5.260366e-01,1.362862e-01,1.535556e-02,1.387217e-01,1.351114e-01,1.455877e-02,1.511527e-02,1.422899e-02,4.585417e-03"	0.225524	0.404203	0.129211	-1087755.144	6
10	11	S1	s20	760141	0.635315	0	0	0	0	0.298924	0.065762	0	0	0.049321	0.364685	0	0.032881	0.032881	0	0	0	0	0.215223	0.149462	-1197628.816	98	-1	0.99277	"2.732241e-01,4.006524e-01,3.124194e-05,5.538435e-02,1.398707e-01,2.879221e-05,1.914681e-02,1.113254e-01,3.362170e-04"	0.137113	0.238456	0.119833	-1123547.986	10
10	12	S1	S2	759410	0.621676	0	0	0.000001	0	0.378312	0	0.000011	0	0	0.378324	0.000012	0	0	0	0.000011	0	0.000012	0.189168	0.189156	-1063812.024	42	-1	0.991815	"4.812072e-01,1.676179e-01,2.486843e-02,1.266876e-01,6.815631e-02,5.813738e-04,7.850148e-02,4.236646e-02,1.001328e-02"	1.516659	0.154682	-0.292638	-1198121.735	9
10	13	S1	s3	759399	0.621716	0	0	0	0	0.378279	0	0.000004	0	0	0.378284	0.000005	0	0	0	0.000004	0	0.000004	0.189144	0.18914	-1064944.506	66	-1	0.991801	"4.781776e-01,1.707412e-01,2.479192e-02,1.266030e-01,6.820158e-02,6.225716e-04,7.822919e-02,4.251808e-02,1.011482e-02"	1.510538	0.153778	-0.289042	-1200686.144	7
10	14	S1	s4	758216	0.216324	0.000001	0.31334	0	0	0	0	0.470334	0	0.313341	0.470334	0.470334	0.156671	0	0	0.783674	0	0.783674	0.783675	0	-1028815.888	42	-1	0.990256	"5.372748e-01,3.613495e-02,9.843384e-02,3.801315e-02,1.581650e-01,8.651500e-04,1.008743e-01,8.821392e-04,2.935673e-02"	1.260128	0.57472	-0.613044	-1110584.401	10
10	15	S1	s5	757829	0.215107	0	0.317881	0	0	0	0	0.467012	0	0.317881	0.467012	0.467012	0.15894	0	0	0.784893	0	0.784893	0.784893	0	-1030540.051	54	-1	0.98975	"5.352877e-01,3.802932e-02,9.824498e-02,3.589316e-02,1.604959e-01,9.161555e-04,1.007583e-01,7.997939e-04,2.957475e-02"	1.239927	0.584383	-0.598821	-1111356.749	10
10	16	S1	s6	758035	0.218653	0	0.315929	0	0	0	0	0.465418	0	0.315929	0.465419	0.465418	0.157964	0	0	0.781347	0	0.781347	0.781347	0	-1030178.536	78	-1	0.990019	"5.354958e-01,3.878848e-02,9.745978e-02,3.616458e-02,1.600935e-01,9.125664e-04,1.009009e-01,8.713162e-04,2.931304e-02"	1.23903	0.581952	-0.596154	-1112412.944	10
10	17	S1	s7	758674	0.620765	0	0	0	0	0.379231	0.000002	0.000002	0	0.000002	0.379235	0.000003	0.000001	0.000001	0	0.000002	0	0.000002	0.18962	0.189615	-1064461.915	38	-1	0.990854	"4.688741e-01,1.831467e-01,2.183754e-02,1.253447e-01,6.917426e-02,5.902678e-04,7.571108e-02,4.547912e-02,9.842248e-03"	1.410187	0.153003	-0.255469	-1203602.435	7
10	18	S1	s8	759513	0.621701	0	0	0	0	0.377715	0.000585	0	0	0.000438	0.378299	0	0.000292	0.000292	0	0	0	0	0.189442	0.188857	-1063083.685	82	-1	0.99195	"4.892254e-01,1.634987e-01,2.097503e-02,1.282075e-01,6.653246e-02,6.726522e-04,6.881064e-02,4.945401e-02,1.262362e-02"	1.349502	0.154146	-0.238028	-1192113.091	9
10	19	S1	s9	758356	0.620558	0	0	0	0	0.379435	0	0.000004	0.000004	0.000004	0.379442	0.000008	0.000004	0.000004	0.000004	0.000004	0.000004	0.000007	0.189725	0.189717	-1066809.426	38	-1	0.990439	"4.750503e-01,1.746467e-01,2.419477e-02,1.267802e-01,6.764432e-02,6.138475e-04,7.803376e-02,4.330392e-02,9.732157e-03"	1.511266	0.151136	-0.284651	-1200121.821	9
11	12	s20	S2	762005	1	0	0	0	0	0	0	0	0	0	0	0.000001	0	0	0	0	0	0	0.000001	0	-1093174.34	62	-1093174.385	0.995204	"2.871352e-01,5.834175e-02,3.614275e-03,3.994221e-01,2.195535e-01,3.156314e-02,9.202192e-06,8.683915e-05,2.739530e-04"	0.016504	0.445308	0.22865	-1030016.286	10
11	13	s20	s3	762007	1	0	0	0	0	0	0	0	0	0.000001	0	0	0.000001	0	0	0.000001	0	0.000001	0.000002	0	-1094284.602	62	-1094284.667	0.995207	"2.886937e-01,5.739478e-02,3.028387e-03,3.944128e-01,2.238507e-01,3.223343e-02,3.826366e-06,9.627754e-05,2.860808e-04"	0.013546	0.459492	0.233717	-1030154.358	10
11	14	s20	s4	760265	0.623204	0	0	0.376795	0	0	0	0	0	0	0	0.376796	0	0	0	0	0	0	0.188398	-0.188398	-1192491.988	54	-1	0.992932	"2.624088e-01,5.514444e-02,3.039462e-02,4.160018e-01,1.380586e-01,9.760966e-02,3.567332e-05,2.917264e-05,3.172616e-04"	0.220416	0.230399	0.091369	-1127912.814	10
11	15	s20	s5	759764	0.632155	0	0	0.367842	0.000003	0	0	0	0	0.000002	0	0.367845	0.000001	0	0.000001	0	0	0	0.183924	-0.183921	-1196302.047	102	-1	0.992277	"2.594380e-01,5.808984e-02,3.030697e-02,4.149126e-01,1.390669e-01,9.780612e-02,4.852835e-05,3.303096e-05,2.979788e-04"	0.21828	0.231317	0.092295	-1131381.02	9
11	16	s20	s6	760055	0.636253	0	0	0.363746	0	0	0	0	0	0	0	0.363747	0	0	0	0	0	0	0.181873	-0.181873	-1194868.262	50	-1	0.992657	"2.595361e-01,5.810865e-02,3.025644e-02,4.152747e-01,1.396896e-01,9.675445e-02,5.821965e-05,2.930415e-05,2.925203e-04"	0.217014	0.232629	0.093062	-1131571.851	10
11	17	s20	s7	761331	0.876071	0.000061	0.123867	0	0	0	0	0	0	0.123898	0	0	0.061949	0	0	0.123867	0	0.123867	0.123898	0	-1085371.892	106	-1	0.994324	"3.175107e-01,3.139285e-02,8.979723e-05,3.527500e-01,2.660418e-01,3.179577e-02,4.032616e-07,3.678188e-05,3.818555e-04"	0.000339	0.639423	0.280427	-994346.4763	10
11	18	s20	s8	762055	0.97868	0	0.021314	0	0.000004	0	0	0	0	0.021318	0.000001	0.000005	0.01066	0	0.000002	0.021314	0	0.021314	0.021319	0	-1092090.723	78	-1	0.99527	"3.021716e-01,4.556272e-02,1.118700e-03,3.841921e-01,2.337418e-01,3.282161e-02,5.841415e-11,6.522678e-05,3.262361e-04"	0.004786	0.504014	0.248896	-1013599.228	9
11	19	s20	s9	761013	0.957444	0.000002	0.042546	0.000008	0	0	0	0	0	0.042546	0	0.000008	0.021273	0	0	0.042546	0	0.042546	0.042551	-0.000004	-1095083.826	194	-1	0.993909	"3.013734e-01,4.686637e-02,1.027667e-03,3.786641e-01,2.385084e-01,3.315959e-02,3.664366e-10,7.332601e-05,3.271783e-04"	0.004309	0.518732	0.25268	-1015445.556	10
12	13	S2	s3	761323	0.850805	0.000051	0.149144	0	0	0	0	0	0	0.14917	0.000001	0.000001	0.074585	0	0	0.149144	0	0.149144	0.14917	0	-951061.3931	62	-1	0.994314	"5.395397e-01,1.316430e-01,1.521281e-02,1.281524e-01,1.350347e-01,1.496415e-02,1.529341e-02,1.481722e-02,5.342597e-03"	0.225914	0.421874	0.132266	-1079092.456	6
12	14	S2	s4	759577	0.622991	0.000003	0	0.376977	0.000003	0	0	0.000025	0	0.000004	0.000026	0.377006	0.000002	0	0.000002	0.000025	0	0.000025	0.188518	-0.188488	-1057053.018	46	-1	0.992033	"4.867992e-01,1.250534e-01,7.456646e-02,1.671969e-01,6.771426e-02,4.324098e-02,2.427521e-02,6.310191e-04,1.052254e-02"	1.459688	0.155678	-0.27562	-1192673.527	9
12	15	S2	s5	759104	0.631995	0	0.000001	0.367988	0	0	0	0.000012	0.000005	0.000006	0.000017	0.368005	0.000005	0.000005	0.000005	0.000013	0.000005	0.000018	0.184012	-0.183994	-1060921.775	54	-1	0.991415	"4.841945e-01,1.283933e-01,7.390663e-02,1.664451e-01,6.831125e-02,4.331188e-02,2.364758e-02,6.129807e-04,1.117677e-02"	1.428084	0.156563	-0.266725	-1195237.487	6
12	16	S2	s6	759315	0.636028	0	0	0.363957	0	0.000001	0	0.000013	0	0	0.000014	0.363971	0	0	0	0.000013	0	0.000013	0.181993	-0.181978	-1059136.547	42	-1	0.991691	"4.852532e-01,1.283765e-01,7.279646e-02,1.654220e-01,6.895673e-02,4.380464e-02,2.409625e-02,5.998091e-04,1.069438e-02"	1.405123	0.158486	-0.262181	-1194776.85	9
12	17	S2	s7	760578	0.90898	0.000027	0.090993	0	0	0	0	0	0	0.091006	0	0	0.045503	0	0	0.090993	0	0.090993	0.091006	0	-955328.3396	54	-1	0.993341	"5.215164e-01,1.493535e-01,1.526122e-02,1.318159e-01,1.337068e-01,1.288392e-02,1.658527e-02,1.474065e-02,4.136279e-03"	0.238181	0.392516	0.121508	-1091923.069	6
12	18	S2	s8	761331	0.868475	0.000046	0.131479	0	0	0	0	0	0	0.131502	0	0	0.065751	0	0	0.131479	0	0.131479	0.131502	0	-950793.0032	66	-1	0.994324	"5.384219e-01,1.333436e-01,1.471847e-02,1.321289e-01,1.313433e-01,1.459479e-02,1.558056e-02,1.492206e-02,4.946367e-03"	0.230686	0.403775	0.126857	-1078763.788	6
12	19	S2	s9	760279	0.876441	0.000002	0.123557	0	0	0	0	0	0	0.123558	0	0	0.061779	0	0	0.123557	0	0.123557	0.123558	0	-955363.0536	62	-1	0.99295	"5.327882e-01,1.377121e-01,1.563161e-02,1.310248e-01,1.331538e-01,1.423401e-02,1.606493e-02,1.472865e-02,4.661840e-03"	0.238045	0.404236	0.123688	-1083554.196	6
13	14	s3	s4	759600	0.623162	0.000001	0.000001	0.376834	0.000001	0.000001	0	0	0	0.000002	0.000002	0.376835	0.000001	0	0	0.000001	0	0.000001	0.18842	-0.188416	-1058160.954	70	-1	0.992063	"4.865261e-01,1.236223e-01,7.285650e-02,1.681212e-01,6.916510e-02,4.423012e-02,2.365587e-02,6.598751e-04,1.116299e-02"	1.395391	0.159681	-0.260777	-1194023.897	9
13	15	s3	s5	759121	0.632102	0	0	0.36788	0	0	0	0.000018	0	0	0.000019	0.367898	0	0	0	0.000018	0	0.000018	0.183959	-0.18394	-1061963.505	78	-1	0.991438	"4.808689e-01,1.282521e-01,7.386595e-02,1.694661e-01,6.846204e-02,4.356248e-02,2.387173e-02,6.940785e-04,1.095655e-02"	1.427619	0.155697	-0.265219	-1198116.731	9
13	16	s3	s6	759342	0.636194	0	0	0.363801	0	0	0	0.000003	0.000001	0.000001	0.000004	0.363805	0.000001	0.000001	0.000001	0.000003	0.000001	0.000004	0.181905	-0.1819	-1060311.139	86	-1	0.991726	"4.821230e-01,1.281354e-01,7.273454e-02,1.685631e-01,6.923927e-02,4.367772e-02,2.404110e-02,6.233510e-04,1.086247e-02"	1.397699	0.158162	-0.259265	-1197537.82	9
13	17	s3	s7	760481	0.909431	0.000009	0.09056	0	0	0	0	0	0.000001	0.090565	0.000001	0.000001	0.045283	0.000001	0.000001	0.09056	0.000001	0.090561	0.090565	0	-956264.6802	54	-1	0.993214	"5.196673e-01,1.479588e-01,1.507404e-02,1.339911e-01,1.346857e-01,1.306344e-02,1.628462e-02,1.512984e-02,4.145205e-03"	0.232828	0.394392	0.124187	-1093870.328	6
13	18	s3	s8	761285	0.878837	0.00004	0.121123	0	0	0	0	0	0	0.121143	0	0	0.060571	0	0	0.121123	0	0.121123	0.121143	0	-952675.0568	62	-1	0.994264	"5.340051e-01,1.334250e-01,1.556550e-02,1.358231e-01,1.316409e-01,1.400319e-02,1.628806e-02,1.453708e-02,4.712077e-03"	0.241973	0.399345	0.121079	-1083519.664	9
13	19	s3	s9	760296	0.880754	0.000019	0.119227	0	0	0	0	0	0	0.119236	0	0	0.059618	0	0	0.119227	0	0.119227	0.119236	0	-956881.77	70	-1	0.992972	"5.302415e-01,1.373190e-01,1.518193e-02,1.340267e-01,1.331692e-01,1.449122e-02,1.558909e-02,1.514066e-02,4.840754e-03"	0.231067	0.401416	0.126256	-1086288.32	6
14	15	s4	s5	757984	0.218406	0	0.316662	0	0	0.000001	0	0.46493	0.000001	0.316663	0.464932	0.464932	0.158332	0.000001	0.000001	0.781592	0.000001	0.781593	0.781593	0	-1026315.008	38	-1	0.989953	"5.385323e-01,3.935862e-02,9.819041e-02,3.541835e-02,1.589616e-01,8.793585e-04,9.819440e-02,8.643452e-04,2.960063e-02"	1.235423	0.582479	-0.592754	-1109471.572	10
14	16	s4	s6	758124	0.213359	0	0.322383	0.000001	0	0	0	0.464257	0	0.322383	0.464257	0.464258	0.161191	0	0	0.78664	0	0.78664	0.78664	0	-1021834.578	42	-1	0.990136	"5.401754e-01,3.844394e-02,9.733942e-02,3.425599e-02,1.602010e-01,9.296864e-04,9.829410e-02,9.139858e-04,2.944650e-02"	1.221175	0.592948	-0.585058	-1106017.88	10
14	17	s4	s7	758787	0.622215	0	0	0	0	0.377783	0	0	0.000001	0.000001	0.377785	0.000001	0.000001	0.000001	0.000001	0	0.000001	0.000001	0.188893	0.188892	-1057404.078	30	-1	0.991001	"4.722218e-01,1.840068e-01,2.219590e-02,1.226951e-01,6.984539e-02,5.996688e-04,7.494026e-02,4.399516e-02,9.499924e-03"	1.390731	0.155754	-0.253422	-1198980.343	9
14	18	s4	s8	759605	0.623111	0	0.000001	0	0	0.376867	0	0.000021	0	0.000001	0.376889	0.000021	0	0	0	0.000022	0	0.000022	0.188456	0.188433	-1056117.768	62	-1	0.99207	"4.846957e-01,1.705396e-01,2.301275e-02,1.269189e-01,6.592883e-02,6.183107e-04,7.452531e-02,4.314174e-02,1.061887e-02"	1.479445	0.150263	-0.272995	-1191806.061	9
14	19	s4	s9	758596	0.621919	0	0	0	0.000001	0.378061	0	0.000017	0.000002	0.000003	0.37808	0.00002	0.000003	0.000002	0.000003	0.000017	0.000002	0.000019	0.18905	0.189031	-1060105.247	58	-1	0.990752	"4.820420e-01,1.729220e-01,2.354152e-02,1.241276e-01,6.821800e-02,6.845967e-04,7.368389e-02,4.448382e-02,1.029649e-02"	1.425217	0.155237	-0.263725	-1194340.461	7
15	16	s5	s6	757699	0.213304	0	0.3322	0	0	0	0	0.454495	0	0.3322	0.454495	0.454495	0.1661	0	0	0.786695	0	0.786695	0.786696	0	-1022716.305	130	-1	0.98958	"5.408819e-01,3.694323e-02,9.416649e-02,3.655246e-02,1.618819e-01,9.068739e-04,9.524346e-02,8.516753e-04,3.257202e-02"	1.17005	0.61165	-0.543679	-1107251.984	10
15	17	s5	s7	758337	0.63109	0	0	0.000001	0	0.368907	0	0.000001	0	0.000001	0.368909	0.000002	0	0	0	0.000001	0	0.000001	0.184456	0.184453	-1061439.315	74	-1	0.990414	"4.679097e-01,1.841959e-01,2.229828e-02,1.268621e-01,6.958464e-02,6.036510e-04,7.514706e-02,4.403478e-02,9.363859e-03"	1.400386	0.15356	-0.253212	-1202573.922	10
15	18	s5	s8	759135	0.632015	0.000001	0.000002	0.000002	0	0.367979	0.000001	0.000001	0	0.000003	0.367981	0.000003	0.000002	0.000001	0	0.000003	0	0.000003	0.183995	0.183988	-1060068.184	90	-1	0.991456	"4.821742e-01,1.692209e-01,2.280949e-02,1.303362e-01,6.635514e-02,6.858727e-04,7.368857e-02,4.398586e-02,1.074379e-02"	1.454266	0.150558	-0.265529	-1194751.558	9
15	19	s5	s9	758088	0.631005	0	0	0	0	0.368977	0	0.000015	0.000002	0.000002	0.368994	0.000018	0.000002	0.000002	0.000002	0.000015	0.000002	0.000017	0.184506	0.184489	-1063935.55	38	-1	0.990089	"4.777494e-01,1.738872e-01,2.281890e-02,1.289170e-01,6.738086e-02,6.892335e-04,7.326172e-02,4.429590e-02,1.099979e-02"	1.425933	0.151803	-0.258585	-1197404.291	9
16	17	s6	s7	758568	0.635119	0	0	0	0	0.364878	0	0.000002	0.000001	0.000002	0.364881	0.000003	0.000002	0.000002	0.000001	0.000002	0.000001	0.000003	0.182443	0.182439	-1059573.091	34	-1	0.990715	"4.704205e-01,1.828469e-01,2.165933e-02,1.259135e-01,7.112923e-02,5.824255e-04,7.355246e-02,4.388885e-02,1.000676e-02"	1.338575	0.158614	-0.24076	-1201249.573	9
16	18	s6	s8	759342	0.636121	0	0	0	0	0.363877	0	0.000001	0	0	0.363878	0.000001	0	0	0	0.000001	0	0.000001	0.18194	0.181939	-1058253.999	90	-1	0.991726	"4.812745e-01,1.701758e-01,2.320644e-02,1.309514e-01,6.640085e-02,6.692485e-04,7.392702e-02,4.300725e-02,1.038739e-02"	1.462835	0.15025	-0.267723	-1195051.731	9
16	19	s6	s9	758333	0.634995	0.000001	0	0.000002	0	0.364991	0.000003	0.000009	0	0.000003	0.365002	0.00001	0.000002	0.000001	0	0.000009	0	0.000009	0.182508	0.182495	-1062006.039	70	-1	0.990408	"4.785430e-01,1.731521e-01,2.332042e-02,1.282803e-01,6.866669e-02,6.112999e-04,7.306001e-02,4.378879e-02,1.057732e-02"	1.403598	0.15528	-0.256836	-1196933.253	9
17	18	s7	s8	760581	0.907991	0.000015	0.091993	0	0	0	0	0	0	0.092001	0	0	0.046	0	0	0.091993	0	0.091993	0.092001	0	-954410.8498	90	-1	0.993344	"5.215669e-01,1.332243e-01,1.514293e-02,1.498011e-01,1.331000e-01,1.489693e-02,1.442736e-02,1.358573e-02,4.254766e-03"	0.222166	0.390233	0.128022	-1090077.352	6
17	19	s7	s9	760393	0.90343	0.000025	0.096541	0.000001	0.000001	0	0	0	0	0.096555	0.000001	0.000003	0.048278	0	0.000001	0.096541	0	0.096541	0.096556	-0.000001	-959228.0838	70	-1	0.993099	"5.179506e-01,1.362674e-01,1.575410e-02,1.475827e-01,1.359347e-01,1.418781e-02,1.432009e-02,1.340713e-02,4.595377e-03"	0.22124	0.398029	0.129924	-1093631.389	6
18	19	s8	s9	760290	0.893584	0.000057	0.106358	0	0	0	0	0	0.000001	0.106388	0.000001	0.000001	0.053195	0.000001	0.000001	0.106358	0.000001	0.10636	0.106388	0	-955955.6276	66	-1	0.992964	"5.295178e-01,1.408146e-01,1.551576e-02,1.348358e-01,1.303214e-01,1.471223e-02,1.547428e-02,1.449183e-02,4.316264e-03"	0.237797	0.388041	0.120852	-1085493.876	7